# Omega_0                   delta_crit
8.512697540299799318e-03 1.643532376114072324e+00
1.144925296672500044e-02 1.646202281663110112e+00
1.335202275515300074e-02 1.647587328921256811e+00
1.501766976069199983e-02 1.648646402658627386e+00
1.655683320191499858e-02 1.649525406275495154e+00
1.801417409999800032e-02 1.650285390645913397e+00
1.941310339050299899e-02 1.650959154927605255e+00
2.076771836427999951e-02 1.651566813687683100e+00
2.208728643351999879e-02 1.652121778758643744e+00
2.337828321811200039e-02 1.652633528197649637e+00
2.464535347343600052e-02 1.653109021656363531e+00
2.589226185214000067e-02 1.653553659104316509e+00
2.712170108734900109e-02 1.653971578727293057e+00
2.833588909894500102e-02 1.654366120001931284e+00
2.953662411499000107e-02 1.654740002600521231e+00
3.072538734958300127e-02 1.655095475236099123e+00
3.190341554360900250e-02 1.655434421530564082e+00
3.307175351565300181e-02 1.655758437172680786e+00
3.423129306423600138e-02 1.656068887346606733e+00
3.538280231469399795e-02 1.656366950266603855e+00
3.652694822838500194e-02 1.656653650715975257e+00
3.766431412323999889e-02 1.656929886257608509e+00
3.879541349191800020e-02 1.657196447980918252e+00
3.992070102937499837e-02 1.657454037113816003e+00
4.104058152795100195e-02 1.657703278462691499e+00
4.215541712225599758e-02 1.657944731389164206e+00
4.326553324239300335e-02 1.658178898852570082e+00
4.437122354572099747e-02 1.658406234918070821e+00
4.547275403289600254e-02 1.658627151036140113e+00
4.657036650660899973e-02 1.658842021329753447e+00
4.766428149793199703e-02 1.659051187074058298e+00
4.875470075391200031e-02 1.659254960513214083e+00
4.984180936655700084e-02 1.659453628130515224e+00
5.092577760438000284e-02 1.659647453464175415e+00
5.200676249430299936e-02 1.659836679543034821e+00
5.308490919190000240e-02 1.660021531002417561e+00
5.416035218139399893e-02 1.660202215931161129e+00
5.523321631862800063e-02 1.660378927488153966e+00
5.630361775458800344e-02 1.660551845324689690e+00
5.737166474177699677e-02 1.660721136837922440e+00
5.843745835528099675e-02 1.660886958281526438e+00
5.950109312472799672e-02 1.661049455750502890e+00
6.056265760326400016e-02 1.661208766059133035e+00
6.162223487129799698e-02 1.661365017524303100e+00
6.267990298881499778e-02 1.661518330667077104e+00
6.373573540098000090e-02 1.661668818842407580e+00
6.452665402727099375e-02 1.661779924473826719e+00
6.584216596864299331e-02 1.661961741224037281e+00
6.689289104822700172e-02 1.662104371137688608e+00
6.794203483701299895e-02 1.662244568378922427e+00
6.898965251977899615e-02 1.662382417951571600e+00
7.003579639290599679e-02 1.662518000376466576e+00
7.108051606660299726e-02 1.662651392006113005e+00
7.212385864961000370e-02 1.662782665311947072e+00
7.316586891802899506e-02 1.662911889146981848e+00
7.420658946988699378e-02 1.663039128986357973e+00
7.524606086697699370e-02 1.663164447148020919e+00
7.628432176485300253e-02 1.663287902995435275e+00
7.732140903425599454e-02 1.663409553124324702e+00
7.835735786853899321e-02 1.663529451534219161e+00
7.939220188834400505e-02 1.663647649787405536e+00
8.042597323584099733e-02 1.663764197155495284e+00
8.145870265909499475e-02 1.663879140754707775e+00
8.249041959588500339e-02 1.663992525671834644e+00
8.352115224709000252e-02 1.664104395080570287e+00
8.455092764655300352e-02 1.664214790349723527e+00
8.557977172568199953e-02 1.664323751143775176e+00
8.660770937374399903e-02 1.664431315516476051e+00
8.763476449385999845e-02 1.664537519998027681e+00
8.866096005531999558e-02 1.664642399676393270e+00
8.968631814248899381e-02 1.664745988273213406e+00
9.071086000041199415e-02 1.664848318214732892e+00
9.173460607748600004e-02 1.664949420698141891e+00
9.275757606517799625e-02 1.665049325753663156e+00
9.377978893719600417e-02 1.665148062302918008e+00
9.480126298113700223e-02 1.665245658213169611e+00
9.582201583467399308e-02 1.665342140348870625e+00
9.684206451663600335e-02 1.665437534619796933e+00
9.786142545284200189e-02 1.665531866025989460e+00
9.888011450724400186e-02 1.665625158700683617e+00
9.989798257719399721e-02 1.665717421122019815e+00
1.009153743504399986e-01 1.665808705704014958e+00
1.019321386850799982e-01 1.665899019135470338e+00
1.029482894372199947e-01 1.665988382460786843e+00
1.039638400127800011e-01 1.666076816036108355e+00
1.049788033906200041e-01 1.666164339559661922e+00
1.059931921389099946e-01 1.666250972099962979e+00
1.070070184326099988e-01 1.666336732122678965e+00
1.080202940716700061e-01 1.666421637516203758e+00
1.090330304925300059e-01 1.666505705615400901e+00
1.100452387885099970e-01 1.666588953224908298e+00
1.110569297181400045e-01 1.666671396640325264e+00
1.120681137226299945e-01 1.666753051669112473e+00
1.130788009362599933e-01 1.666833933649927380e+00
1.140890012006799958e-01 1.666914057471354349e+00
1.150987240723899963e-01 1.666993437589222582e+00
1.161079788375599942e-01 1.667072088043690448e+00
1.171167745204299976e-01 1.667150022475049065e+00
1.181251198934900049e-01 1.667227254138943904e+00
1.191330234869199950e-01 1.667303795920853204e+00
1.201404935974599991e-01 1.667379660349875392e+00
1.211475382970499948e-01 1.667454859611891438e+00
1.221541654408900002e-01 1.667529405562105493e+00
1.231603826752499936e-01 1.667603309737021977e+00
1.241661974444900063e-01 1.667676583365851339e+00
1.251716170001100081e-01 1.667749237381572103e+00
1.261766484036500047e-01 1.667821282431088070e+00
1.271812985369900062e-01 1.667892728885482567e+00
1.281855741067499943e-01 1.667963586849431801e+00
1.291894816505199939e-01 1.668033866170358426e+00
1.301930275425199901e-01 1.668103576447169889e+00
1.311962179991399968e-01 1.668172727038635728e+00
1.321990590837099910e-01 1.668241327071376512e+00
1.332015567131099865e-01 1.668309385447655835e+00
1.342037166605900000e-01 1.668376910852612305e+00
1.352055445598099870e-01 1.668443911761289034e+00
1.362070459136300038e-01 1.668510396445704203e+00
1.372082260923200014e-01 1.668576372980951517e+00
1.382090903423000006e-01 1.668641849251756737e+00
1.392096437879999926e-01 1.668706832958338993e+00
1.402098914359700133e-01 1.668771331622195486e+00
1.412098381781400069e-01 1.668835352591615306e+00
1.422094887973799904e-01 1.668898903047135729e+00
1.432088479665699909e-01 1.668961990006388341e+00
1.442079202560800077e-01 1.669024620329293551e+00
1.452067101347999933e-01 1.669086800722667352e+00
1.462052219734999992e-01 1.669148537744805649e+00
1.472034600476500033e-01 1.669209837809870978e+00
1.482014285402800113e-01 1.669270707192126446e+00
1.491991315445899968e-01 1.669331152030006260e+00
1.501965730665600074e-01 1.669391178330043690e+00
1.511937570273799991e-01 1.669450791970651604e+00
1.521906872653999987e-01 1.669509998705744458e+00
1.531873675407000035e-01 1.669568804168390708e+00
1.541838015328400036e-01 1.669627213873942750e+00
1.551799928469700107e-01 1.669685233223546783e+00
1.561759450160200013e-01 1.669742867507308715e+00
1.571716614985599891e-01 1.669800121907105472e+00
1.581671456852699886e-01 1.669857001499796878e+00
1.591624008985700056e-01 1.669913511259941918e+00
1.601574303948100075e-01 1.669969656062571639e+00
1.611522373660999874e-01 1.670025440685852791e+00
1.621468249413499929e-01 1.670080869813620916e+00
1.631411961910899933e-01 1.670135948038042439e+00
1.641353541225399892e-01 1.670190679861654370e+00
1.651293016870200026e-01 1.670245069700017959e+00
1.661230417808899906e-01 1.670299121883933147e+00
1.671165772441400021e-01 1.670352840661460059e+00
1.681099108620000004e-01 1.670406230200039310e+00
1.691030453693500024e-01 1.670459294588697796e+00
1.700959834496199863e-01 1.670512037839891883e+00
1.710887277365299997e-01 1.670564463891447415e+00
1.720812808154099927e-01 1.670616576608418224e+00
1.730736452235800138e-01 1.670668379784838953e+00
1.740658234551100136e-01 1.670719877145654619e+00
1.750578179549099889e-01 1.670771072348040898e+00
1.760496311260200120e-01 1.670821968983364769e+00
1.770412653307799900e-01 1.670872570578772587e+00
1.780327228854199917e-01 1.670922880598401994e+00
1.790240060681999867e-01 1.670972902445239106e+00
1.800151171166700093e-01 1.671022639462378612e+00
1.810060582294999998e-01 1.671072094934474395e+00
1.819968315672400028e-01 1.671121272089097554e+00
1.829874392532299943e-01 1.671170174098061123e+00
1.839778833744800113e-01 1.671218804078709486e+00
1.849681659824800040e-01 1.671267165095165375e+00
1.859582890939399935e-01 1.671315260159539129e+00
1.869482546910299914e-01 1.671363092233084213e+00
1.879380647254700054e-01 1.671410664227499732e+00
1.889277211116399957e-01 1.671457979005678718e+00
1.899172257378000106e-01 1.671505039383292646e+00
1.909065804562199986e-01 1.671551848129339435e+00
1.918957870916800090e-01 1.671598407967536781e+00
1.928848474385500000e-01 1.671644721577149495e+00
1.938737632621100049e-01 1.671690791593985592e+00
1.948625362985199894e-01 1.671736620611310231e+00
1.958511682589499925e-01 1.671782211180921740e+00
1.968396608230099931e-01 1.671827565813712502e+00
1.978280156465699879e-01 1.671872686980871103e+00
1.988162343579699953e-01 1.671917577114525155e+00
1.998043185627899898e-01 1.671962238608755369e+00
2.007922698373199866e-01 1.672006673820075617e+00
2.017800897362100054e-01 1.672050885068535608e+00
2.027677797894099909e-01 1.672094874638316853e+00
2.037553415025299963e-01 1.672138644778467853e+00
2.047427763604799944e-01 1.672182197703763640e+00
2.057300858240199981e-01 1.672225535595234014e+00
2.067172713303599974e-01 1.672268660600853885e+00
2.077043342972300088e-01 1.672311574836369941e+00
2.086912761196899890e-01 1.672354280385790481e+00
2.096780981748899986e-01 1.672396779302206982e+00
2.106648018143900125e-01 1.672439073608062765e+00
2.116513883756900027e-01 1.672481165296232808e+00
2.126378591714699895e-01 1.672523056330134317e+00
2.136242154981199959e-01 1.672564748644646437e+00
2.146104586324500130e-01 1.672606244146513710e+00
2.155965898327699970e-01 1.672647544714921164e+00
2.165826103392000102e-01 1.672688652202023896e+00
2.175685213741299917e-01 1.672729568433472203e+00
2.185543241423699989e-01 1.672770295208908964e+00
2.195400198317200013e-01 1.672810834302474792e+00
2.205256096130999988e-01 1.672851187463282985e+00
2.215110946409399872e-01 1.672891356415893149e+00
2.224964760534499930e-01 1.672931342860770831e+00
2.234817549729800068e-01 1.672971148474739156e+00
2.244669325063000098e-01 1.673010774911416254e+00
2.254520097440400050e-01 1.673050223801612280e+00
2.264369877648899909e-01 1.673089496753902283e+00
2.274218676274399886e-01 1.673128595354701709e+00
2.284066503811200133e-01 1.673167521169089067e+00
2.293913370588399891e-01 1.673206275740894533e+00
2.303759286779699933e-01 1.673244860593111394e+00
2.313604262436899928e-01 1.673283277228392540e+00
2.323448307500599885e-01 1.673321527129443931e+00
2.333291431732200105e-01 1.673359611759109855e+00
2.343133644793500003e-01 1.673397532561021972e+00
2.352974956211699997e-01 1.673435290959793820e+00
2.362815375387500028e-01 1.673472888361379862e+00
2.372654911598399974e-01 1.673510326153403449e+00
2.382493573992799929e-01 1.673547605705447472e+00
2.392331371631599979e-01 1.673584728369514885e+00
2.402168313410799894e-01 1.673621695480034477e+00
2.412004408135300093e-01 1.673658508354429753e+00
2.421839664511699908e-01 1.673695168293378277e+00
2.431674091120999970e-01 1.673731676580986205e+00
2.441507696417500040e-01 1.673768034485058953e+00
2.451340488772399961e-01 1.673804243257530855e+00
2.461172476435299905e-01 1.673840304134583068e+00
2.471003667575200069e-01 1.673876218337051691e+00
2.480834070243000122e-01 1.673911987070539453e+00
2.490663692373299987e-01 1.673947611525670176e+00
2.500492541825299897e-01 1.673983092878477796e+00
2.510320626353100271e-01 1.674018432290533376e+00
2.520147953607200231e-01 1.674053630909181800e+00
2.529974531175400165e-01 1.674088689867915258e+00
2.539800366505099993e-01 1.674123610286315289e+00
2.549625466984600242e-01 1.674158393270561929e+00
2.559449839904299751e-01 1.674193039913507208e+00
2.569273492458399866e-01 1.674227551294889871e+00
2.579096431785999899e-01 1.674261928481683537e+00
2.588918664892900234e-01 1.674296172528023874e+00
2.598740198732499840e-01 1.674330284475686881e+00
2.608561040167899914e-01 1.674364265354149950e+00
2.618381195980200027e-01 1.674398116180807472e+00
2.628200672869699939e-01 1.674431837961162461e+00
2.638019477458899975e-01 1.674465431689015738e+00
2.647837616291600082e-01 1.674498898346642006e+00
2.657655095835200210e-01 1.674532238904971493e+00
2.667471922481700064e-01 1.674565454323764691e+00
2.677288102540800185e-01 1.674598545551756024e+00
2.687103642281399862e-01 1.674631513526958937e+00
2.696918547851199777e-01 1.674664359176556205e+00
2.706732825360599892e-01 1.674697083417340915e+00
2.716546480840700273e-01 1.674729687155729119e+00
2.726359520246600110e-01 1.674762171287925927e+00
2.736171949497699929e-01 1.674794536700205505e+00
2.745983774397500188e-01 1.674826784268795610e+00
2.755795000717199961e-01 1.674858914860294812e+00
2.765605634145499869e-01 1.674890929331651179e+00
2.775415680332700141e-01 1.674922828530442942e+00
2.785225144849999834e-01 1.674954613294882710e+00
2.795034033189500167e-01 1.674986284453952035e+00
2.804842350806999729e-01 1.675017842827670522e+00
2.814650103081999810e-01 1.675049289227095395e+00
2.824457295358400177e-01 1.675080624454579281e+00
2.834263932906599948e-01 1.675111849303772216e+00
2.844070020921100062e-01 1.675142964559735992e+00
2.853875564565899747e-01 1.675173970999210615e+00
2.863680568939899751e-01 1.675204869390618523e+00
2.873485039086799975e-01 1.675235660494214684e+00
2.883288979995899948e-01 1.675266345062200513e+00
2.893092396603100247e-01 1.675296923838839325e+00
2.902895293790799802e-01 1.675327397560565812e+00
2.912697676389700008e-01 1.675357766956098171e+00
2.922499549179100042e-01 1.675388032746546241e+00
2.932300916878600172e-01 1.675418195645488106e+00
2.942101784191999969e-01 1.675448256359209021e+00
2.951902155722699872e-01 1.675478215586540420e+00
2.961702036059900012e-01 1.675508074019223637e+00
2.971501429735399769e-01 1.675537832341874145e+00
2.981300341234199847e-01 1.675567491232109241e+00
2.991098774995100129e-01 1.675597051360643963e+00
3.000896735409500082e-01 1.675626513391378580e+00
3.010694226824700004e-01 1.675655877981499176e+00
3.020491253534000053e-01 1.675685145781538044e+00
3.030287819811999794e-01 1.675714317435565093e+00
3.040083929872500201e-01 1.675743393581148766e+00
3.049879587869500086e-01 1.675772374849443747e+00
3.059674797940600266e-01 1.675801261865403013e+00
3.069469564171899978e-01 1.675830055247755634e+00
3.079263890608899823e-01 1.675858755609119122e+00
3.089057781255700186e-01 1.675887363556075371e+00
3.098851240068299928e-01 1.675915879689230614e+00
3.108644270996099856e-01 1.675944304603411261e+00
3.118436877899000148e-01 1.675972638887498922e+00
3.128229064623699873e-01 1.676000883124725949e+00
3.138020835003599851e-01 1.676029037892746709e+00
3.147812192783699947e-01 1.676057103763493705e+00
3.157603141706100125e-01 1.676085081303493984e+00
3.167393685457999819e-01 1.676112971073788760e+00
3.177183827725900134e-01 1.676140773630156788e+00
3.186973572099600083e-01 1.676168489522908311e+00
3.196762922202400214e-01 1.676196119297320708e+00
3.206551881554399741e-01 1.676223663493315863e+00
3.216340453708799729e-01 1.676251122645910030e+00
3.226128642117400136e-01 1.676278497284898306e+00
3.235916450265799993e-01 1.676305787935294056e+00
3.245703881547700176e-01 1.676332995117040925e+00
3.255490939357300051e-01 1.676360119345329469e+00
3.265277627047900033e-01 1.676387161130540093e+00
3.275063947941300180e-01 1.676414120978329647e+00
3.284849905319299768e-01 1.676440999389663178e+00
3.294635502465499965e-01 1.676467796860987347e+00
3.304420742582899750e-01 1.676494513884057014e+00
3.314205628877400223e-01 1.676521150946222116e+00
3.323990164516800183e-01 1.676547708530367053e+00
3.333774352629800264e-01 1.676574187114962644e+00
3.343558196350699951e-01 1.676600587174237322e+00
3.353341698733899867e-01 1.676626909178000613e+00
3.363124862838199891e-01 1.676653153591918466e+00
3.372907691686499732e-01 1.676679320877456414e+00
3.382690188273300147e-01 1.676705411491947961e+00
3.392472355565799846e-01 1.676731425888647209e+00
3.402254196504099770e-01 1.676757364516774818e+00
3.412035713991800057e-01 1.676783227821543321e+00
3.421816910941199996e-01 1.676809016244319883e+00
3.431597790186500241e-01 1.676834730222444891e+00
3.441378354570099884e-01 1.676860370189503735e+00
3.451158606900099901e-01 1.676885936575259084e+00
3.460938549959199917e-01 1.676911429805718612e+00
3.470718186496800084e-01 1.676936850303156090e+00
3.480497519262999995e-01 1.676962198486243949e+00
3.490276550957099877e-01 1.676987474769960018e+00
3.500055284271900158e-01 1.677012679565744069e+00
3.509833721851000066e-01 1.677037813281428535e+00
3.519611866330200067e-01 1.677062876321383955e+00
3.529389720348399817e-01 1.677087869086588023e+00
3.539167286470299989e-01 1.677112791974464612e+00
3.548944567270799766e-01 1.677137645379139341e+00
3.558721565295199785e-01 1.677162429691375189e+00
3.568498283064699961e-01 1.677187145298623339e+00
3.578274723079900022e-01 1.677211792585070249e+00
3.588050887810300127e-01 1.677236371931645209e+00
3.597826779738099723e-01 1.677260883716168438e+00
3.607602401272499981e-01 1.677285328313168788e+00
3.617377754836400006e-01 1.677309706094138209e+00
3.627152842822899959e-01 1.677334017427455359e+00
3.636927667604599734e-01 1.677358262678443124e+00
3.646702231533400229e-01 1.677382442209401692e+00
3.656476536941100086e-01 1.677406556379642533e+00
3.666250586131200029e-01 1.677430605545500608e+00
3.676024381422000054e-01 1.677454590060471817e+00
3.685797925050799950e-01 1.677478510275010271e+00
3.695571219306200139e-01 1.677502366536883116e+00
3.705344266395900199e-01 1.677526159190877664e+00
3.715117068544199763e-01 1.677549888579069393e+00
3.724889627938899883e-01 1.677573555040723363e+00
3.734661946784300079e-01 1.677597158912451425e+00
3.744434027205200133e-01 1.677620700528008824e+00
3.754205871377899739e-01 1.677644180218639924e+00
3.763977481400799796e-01 1.677667598312793329e+00
3.773748859387999754e-01 1.677690955136376560e+00
3.783520007428399778e-01 1.677714251012683899e+00
3.793290927593199746e-01 1.677737486262442346e+00
3.803061621928000013e-01 1.677760661203819614e+00
3.812832092495500036e-01 1.677783776152550699e+00
3.822602341281600147e-01 1.677806831421742917e+00
3.832372370316299848e-01 1.677829827322187439e+00
3.842142181586700178e-01 1.677852764162177435e+00
3.851911777046699847e-01 1.677875642247558918e+00
3.861681158650799861e-01 1.677898461881832448e+00
3.871450328364600124e-01 1.677921223366203973e+00
3.881219288084999941e-01 1.677943926999420299e+00
3.890988039728799919e-01 1.677966573078001566e+00
3.900756585187800107e-01 1.677989161896158432e+00
3.910524926339499774e-01 1.678011693745842470e+00
3.920293065045200032e-01 1.678034168916761493e+00
3.930061003152400256e-01 1.678056587696410196e+00
3.939828742493100000e-01 1.678078950370087696e+00
3.949596284876399910e-01 1.678101257220902198e+00
3.959363632130700195e-01 1.678123508529889785e+00
3.969130786019199886e-01 1.678145704575842334e+00
3.978897748324700112e-01 1.678167845635523125e+00
3.988664520798900215e-01 1.678189931983571137e+00
3.998431105214900194e-01 1.678211963892641823e+00
4.008197503278799756e-01 1.678233941633225701e+00
4.017963716718400136e-01 1.678255865473871511e+00
4.027729747239600089e-01 1.678277735681105831e+00
4.037495596534499964e-01 1.678299552519471272e+00
4.047261266282000114e-01 1.678321316251547568e+00
4.057026758147699863e-01 1.678343027137970456e+00
4.066792073785199801e-01 1.678364685437452986e+00
4.076557214825600184e-01 1.678386291406781972e+00
4.086322182913599832e-01 1.678407845300915247e+00
4.096086979663600136e-01 1.678429347372903502e+00
4.105851606661299891e-01 1.678450797873911160e+00
4.115616065505199872e-01 1.678472197053326731e+00
4.125380357764000250e-01 1.678493545158685984e+00
4.135144485029800254e-01 1.678514842435805843e+00
4.144908448821499891e-01 1.678536089128589648e+00
4.154672250715299997e-01 1.678557285479331362e+00
4.164435892216100110e-01 1.678578431728448894e+00
4.174199374850099953e-01 1.678599528114704365e+00
4.183962700125100076e-01 1.678620574875133498e+00
4.193725869527399897e-01 1.678641572245055169e+00
4.203488884567400108e-01 1.678662520458184648e+00
4.213251746692299737e-01 1.678683419746463956e+00
4.223014457372599728e-01 1.678704270340260374e+00
4.232777018050499773e-01 1.678725072468273405e+00
4.242539430192500127e-01 1.678745826357661119e+00
4.252301695201899934e-01 1.678766532233869180e+00
4.262063814497000225e-01 1.678787190320811806e+00
4.271825789503900239e-01 1.678807800840871778e+00
4.281587621619600270e-01 1.678828364014835373e+00
4.291349312214700062e-01 1.678848880061913906e+00
4.301110862665900036e-01 1.678869349199826111e+00
4.310872274365900036e-01 1.678889771644832329e+00
4.320633548646299893e-01 1.678910147611586412e+00
4.330394686861699927e-01 1.678930477313326675e+00
4.340155690349399853e-01 1.678950760961804400e+00
4.349916560436600244e-01 1.678970998767312262e+00
4.359677298431999803e-01 1.678991190938680100e+00
4.369437905669700251e-01 1.679011337683379068e+00
4.379198383421299967e-01 1.679031439207352427e+00
4.388958732985099864e-01 1.679051495715213171e+00
4.398718955640300021e-01 1.679071507410161646e+00
4.408479052657099939e-01 1.679091474494019076e+00
4.418239025288400179e-01 1.679111397167222242e+00
4.427998874811500118e-01 1.679131275628922060e+00
4.437758602443400147e-01 1.679151110076821940e+00
4.447518209419000224e-01 1.679170900707349645e+00
4.457277696979899950e-01 1.679190647715645301e+00
4.467037066334200168e-01 1.679210351295492343e+00
4.476796318698300081e-01 1.679230011639413656e+00
4.486555455254400138e-01 1.679249628938596306e+00
4.496314477192600023e-01 1.679269203382989017e+00
4.506073385721000024e-01 1.679288735161332591e+00
4.515832181987800009e-01 1.679308224461014465e+00
4.525590867158499897e-01 1.679327671468235250e+00
4.535349442415699817e-01 1.679347076368017833e+00
4.545107908883400105e-01 1.679366439344067929e+00
4.554866267702000204e-01 1.679385760578934406e+00
4.564624520030399757e-01 1.679405040254021708e+00
4.574382666967800048e-01 1.679424278549447536e+00
4.584140709632000266e-01 1.679443475644206929e+00
4.593898649157400205e-01 1.679462631716178711e+00
4.603656486620200106e-01 1.679481746941987153e+00
4.613414223123200042e-01 1.679500821497179386e+00
4.623171859752500112e-01 1.679519855556150798e+00
4.632929397587199905e-01 1.679538849292172564e+00
4.642686837698399849e-01 1.679557802877399864e+00
4.652444181150199864e-01 1.679576716482882537e+00
4.662201428999699915e-01 1.679595590278575745e+00
4.671958582287000228e-01 1.679614424433328645e+00
4.681715642080699902e-01 1.679633219114982090e+00
4.691472609389999993e-01 1.679651974490208088e+00
4.701229485251000040e-01 1.679670690724684556e+00
4.710986270676399967e-01 1.679689367983008053e+00
4.720742966705899768e-01 1.679708006428799028e+00
4.730499574312400091e-01 1.679726606224530183e+00
4.740256094521699826e-01 1.679745167531765393e+00
4.750012528327299810e-01 1.679763690511004048e+00
4.759768876698800000e-01 1.679782175321706594e+00
4.769525140624999993e-01 1.679800622122384013e+00
4.779281321070700250e-01 1.679819031070524771e+00
4.789037419027999953e-01 1.679837402322699180e+00
4.798793435424100196e-01 1.679855736034394864e+00
4.808549371246200188e-01 1.679874032360258118e+00
4.818305227416500025e-01 1.679892291453868092e+00
4.828061004884799945e-01 1.679910513467917976e+00
4.837816704586199723e-01 1.679928698554143951e+00
4.847572327441099782e-01 1.679946846863332066e+00
4.857327874396900058e-01 1.679964958545404397e+00
4.867083346344999728e-01 1.679983033749270938e+00
4.876838744203800258e-01 1.680001072622992586e+00
4.886594068878200026e-01 1.680019075313712307e+00
4.896349321266100230e-01 1.680037041967675560e+00
4.906104502251399935e-01 1.680054972730222973e+00
4.915859612746399931e-01 1.680072867745876941e+00
4.925614653597599757e-01 1.680090727158175090e+00
4.935369625713599828e-01 1.680108551109911419e+00
4.945124529938800251e-01 1.680126339742912922e+00
4.954879367144500169e-01 1.680144093198212119e+00
4.964634138189100154e-01 1.680161811615981327e+00
4.974388843915900082e-01 1.680179495135536216e+00
4.984143485197499723e-01 1.680197143895421519e+00
4.993898062849200237e-01 1.680214758033261813e+00
5.003652577715500538e-01 1.680232337685924726e+00
5.013407030618399762e-01 1.680249882989432786e+00
5.023161422399600173e-01 1.680267394079047127e+00
5.032915753878699494e-01 1.680284871089197773e+00
5.042670025853199789e-01 1.680302314153489851e+00
5.052424239140800299e-01 1.680319723404786636e+00
5.062178394545200355e-01 1.680337098975153376e+00
5.071932492857099684e-01 1.680354440995865728e+00
5.081686534894700458e-01 1.680371749597487474e+00
5.091440521421900511e-01 1.680389024909731299e+00
5.101194453230599724e-01 1.680406267061611114e+00
5.110948331090999774e-01 1.680423476181359677e+00
5.120702155801399869e-01 1.680440652396521184e+00
5.130455928097500395e-01 1.680457795833798729e+00
5.140209648776300488e-01 1.680474906619277675e+00
5.149963318571699755e-01 1.680491984878211387e+00
5.159716938245999529e-01 1.680509030735189313e+00
5.169470508548900112e-01 1.680526044314069267e+00
5.179224030216700303e-01 1.680543025737981644e+00
5.188977504014200548e-01 1.680559975129408468e+00
5.198730930643700177e-01 1.680576892610029960e+00
5.208484310868699563e-01 1.680593778300944807e+00
5.218237645390899626e-01 1.680610632322461440e+00
5.227990934940199841e-01 1.680627454794260789e+00
5.237744180225299973e-01 1.680644245835314576e+00
5.247497381983200482e-01 1.680661005563975463e+00
5.257250540897899782e-01 1.680677734097843823e+00
5.267003657681199602e-01 1.680694431553909851e+00
5.276756733032500479e-01 1.680711098048490948e+00
5.286509767638499779e-01 1.680727733697235049e+00
5.296262762214900555e-01 1.680744338615197231e+00
5.306015717423300249e-01 1.680760912916703154e+00
5.315768633954199851e-01 1.680777456715493834e+00
5.325521512486000031e-01 1.680793970124662806e+00
5.335274353692199822e-01 1.680810453256671000e+00
5.345027158234799680e-01 1.680826906223341188e+00
5.354779926803200363e-01 1.680843329135927933e+00
5.364532660027300226e-01 1.680859722104976139e+00
5.374285358588299921e-01 1.680876085240511797e+00
5.384038023131599848e-01 1.680892418651899423e+00
5.393790654315200328e-01 1.680908722447928882e+00
5.403543252768300276e-01 1.680924996736749888e+00
5.413295819140500065e-01 1.680941241625957705e+00
5.423048354069800459e-01 1.680957457222546081e+00
5.432800858189800186e-01 1.680973643632921233e+00
5.442553332122600507e-01 1.680989800962896519e+00
5.452305776518500124e-01 1.681005929317760383e+00
5.462058191975900368e-01 1.681022028802149126e+00
5.471810579121599849e-01 1.681038099520183682e+00
5.481562938570400112e-01 1.681054141575406558e+00
5.491315270933699866e-01 1.681070155070800265e+00
5.501067576818999827e-01 1.681086140108791094e+00
5.510819856822299911e-01 1.681102096791239342e+00
5.520572111567999540e-01 1.681118025219509260e+00
5.530324341628599649e-01 1.681133925494342707e+00
5.540076547605500279e-01 1.681149797715992378e+00
5.549828730080399453e-01 1.681165641984149417e+00
5.559580889655399982e-01 1.681181458398010031e+00
5.569333026913200202e-01 1.681197247056215982e+00
5.579085142417099519e-01 1.681213008056857694e+00
5.588837236742399961e-01 1.681228741497529100e+00
5.598589310485899695e-01 1.681244447475346515e+00
5.608339267988700083e-01 1.681260122719646644e+00
5.618091304233100436e-01 1.681275774069922013e+00
5.627843321597699733e-01 1.681291398245479796e+00
5.637595320629800177e-01 1.681306995341343313e+00
5.647347301888600013e-01 1.681322565452059603e+00
5.657099265927399978e-01 1.681338108671675879e+00
5.666851213294099576e-01 1.681353625093742865e+00
5.676603144535800061e-01 1.681369114811325893e+00
5.686355060194699940e-01 1.681384577917001355e+00
5.696106960810100039e-01 1.681400014502863360e+00
5.705858846919400484e-01 1.681415424660529068e+00
5.715610719055199684e-01 1.681430808481136685e+00
5.725362577743899895e-01 1.681446166055347469e+00
5.735114423524499960e-01 1.681461497473377475e+00
5.744866256909000324e-01 1.681476802824939387e+00
5.754618078419300176e-01 1.681492082199303129e+00
5.764369888583700252e-01 1.681507335685293647e+00
5.774121687907199929e-01 1.681522563371247614e+00
5.783873476901300048e-01 1.681537765345063384e+00
5.793625256086200048e-01 1.681552941694206771e+00
5.803377025956699686e-01 1.681568092505661527e+00
5.813128787019899990e-01 1.681583217865990854e+00
5.822880539777199882e-01 1.681598317861312530e+00
5.832632284720700167e-01 1.681613392577296473e+00
5.842384022354000228e-01 1.681628442099198706e+00
5.852135753168099530e-01 1.681643466511829166e+00
5.861887477641000155e-01 1.681658465899552146e+00
5.871639196273999994e-01 1.681673440346345583e+00
5.881390909539699896e-01 1.681688389935724226e+00
5.891142617921300007e-01 1.681703314750802702e+00
5.900894321898499939e-01 1.681718214874276640e+00
5.910646021945400452e-01 1.681733090388422225e+00
5.920397718530999720e-01 1.681747941375099753e+00
5.930149412136800358e-01 1.681762767915782941e+00
5.939901103214799694e-01 1.681777570091498086e+00
5.949652792245100352e-01 1.681792347982913993e+00
5.959404479677300470e-01 1.681807101670256044e+00
5.969156165975599837e-01 1.681821831233376807e+00
5.978907851596699796e-01 1.681836536751725397e+00
5.988659536994499488e-01 1.681851218304357243e+00
5.998411222620100292e-01 1.681865875969936308e+00
6.008162908923999623e-01 1.681880509826741532e+00
6.017914596348500345e-01 1.681895119952657724e+00
6.027666285348499686e-01 1.681909706425208650e+00
6.037417976355300420e-01 1.681924269321506182e+00
6.047169669807399561e-01 1.681938808718298706e+00
6.056921366153099617e-01 1.681953324691976670e+00
6.066673065815100241e-01 1.681967817318522851e+00
6.076424769229900047e-01 1.681982286673574301e+00
6.086176476825999604e-01 1.681996732832390151e+00
6.095928189031100120e-01 1.682011155869866492e+00
6.105679906269499968e-01 1.682025555860534594e+00
6.115431628964399513e-01 1.682039932878565347e+00
6.125183357535599615e-01 1.682054286997770154e+00
6.134935092396599510e-01 1.682068618291597817e+00
6.144686833970800510e-01 1.682082926833160519e+00
6.154438582670800351e-01 1.682097212695205624e+00
6.164190338900900068e-01 1.682111475950122781e+00
6.173942103069299803e-01 1.682125716669962356e+00
6.183693875593699874e-01 1.682139934926447200e+00
6.193445656866499727e-01 1.682154130790923130e+00
6.203197447294199751e-01 1.682168304334418663e+00
6.212949247276400300e-01 1.682182455627617701e+00
6.222701057210200393e-01 1.682196584740865530e+00
6.232452877491300169e-01 1.682210691744175701e+00
6.242204708509300204e-01 1.682224776707223146e+00
6.251956550662399748e-01 1.682238839699368160e+00
6.261708404339699774e-01 1.682252880789632643e+00
6.271460269920999808e-01 1.682266900046702318e+00
6.281212147794800194e-01 1.682280897538954934e+00
6.290964038342999887e-01 1.682294873334439167e+00
6.300715941943799692e-01 1.682308827500881954e+00
6.310467858985400191e-01 1.682322760105708914e+00
6.320219789834400359e-01 1.682336671216002832e+00
6.329971734864400235e-01 1.682350560898544733e+00
6.339723694459300507e-01 1.682364429219821211e+00
6.349475668978600273e-01 1.682378276245977133e+00
6.359227658790900239e-01 1.682392102042865378e+00
6.368979664273399788e-01 1.682405906676047280e+00
6.378731685775800297e-01 1.682419690210743779e+00
6.388483723672500059e-01 1.682433452711911137e+00
6.398235778322499678e-01 1.682447194244186095e+00
6.407987850078800118e-01 1.682460914871900970e+00
6.417739939301499996e-01 1.682474614659103862e+00
6.427492046340900211e-01 1.682488293669537338e+00
6.437244171561800066e-01 1.682501951966673293e+00
6.446996315301100067e-01 1.682515589613655438e+00
6.456748477921100404e-01 1.682529206673376576e+00
6.466500659759499836e-01 1.682542803208410431e+00
6.476252861165100461e-01 1.682556379281061165e+00
6.486005082481800521e-01 1.682569934953345836e+00
6.495757324051399939e-01 1.682583470286997951e+00
6.505509586213600315e-01 1.682596985343469687e+00
6.515261869307199527e-01 1.682610480183935220e+00
6.525014173668299833e-01 1.682623954869290506e+00
6.534766499631700087e-01 1.682637409460155720e+00
6.544518847530399475e-01 1.682650844016877478e+00
6.554271217695799567e-01 1.682664258599529505e+00
6.564023610456699576e-01 1.682677653267913964e+00
6.573776026138199446e-01 1.682691028081561013e+00
6.583528465076200487e-01 1.682704383099750345e+00
6.593280927584800333e-01 1.682717718381468552e+00
6.603033413989799483e-01 1.682731033985455538e+00
6.612785924612399890e-01 1.682744329970184527e+00
6.622538459771899477e-01 1.682757606393867844e+00
6.632291019785500064e-01 1.682770863314456911e+00
6.642043604965699455e-01 1.682784100789640913e+00
6.651796215637300058e-01 1.682797318876872117e+00
6.661548852102600060e-01 1.682810517633318126e+00
6.671301514676000188e-01 1.682823697115913175e+00
6.681054203666599856e-01 1.682836857381333040e+00
6.690806919382800144e-01 1.682849998486004806e+00
6.700559662130399774e-01 1.682863120486105091e+00
6.710312432213699774e-01 1.682876223437563157e+00
6.720065229936099671e-01 1.682889307396062462e+00
6.729818055595999660e-01 1.682902372417037995e+00
6.739570909502400342e-01 1.682915418555696707e+00
6.749323791941199691e-01 1.682928445866975986e+00
6.759076703222099969e-01 1.682941454405605608e+00
6.768829643627100046e-01 1.682954444226042234e+00
6.778582613463099982e-01 1.682967415382539134e+00
6.788335613013000147e-01 1.682980367929084231e+00
6.798088642567100548e-01 1.682993301919442297e+00
6.807841702421000285e-01 1.683006217407153393e+00
6.817594792862899933e-01 1.683019114445517106e+00
6.827347914169300536e-01 1.683031993087589662e+00
6.837101066638000546e-01 1.683044853386227446e+00
6.846854250539099462e-01 1.683057695394023501e+00
6.856607466167700116e-01 1.683070519163379686e+00
6.866360713794800175e-01 1.683083324746441845e+00
6.876113993699199956e-01 1.683096112195144212e+00
6.885867306168399482e-01 1.683108881561211190e+00
6.895620651468800100e-01 1.683121632896119380e+00
6.905374029878400544e-01 1.683134366251142655e+00
6.915127441667200392e-01 1.683147081677326184e+00
6.924880887117900174e-01 1.683159779225516406e+00
6.934634366490199930e-01 1.683172458946314620e+00
6.944387880054599949e-01 1.683185120890122510e+00
6.954141428087600163e-01 1.683197765107137256e+00
6.963895010844100009e-01 1.683210391647316451e+00
6.973648628597699517e-01 1.683223000560432059e+00
6.983402281609499829e-01 1.683235591896031336e+00
6.993155970145800149e-01 1.683248165703460142e+00
7.002909694458100409e-01 1.683260722031839185e+00
7.012663454818499620e-01 1.683273260930109316e+00
7.022417251473099808e-01 1.683285782446975132e+00
7.032171084692200314e-01 1.683298286630968255e+00
7.041924954722600383e-01 1.683310773530388937e+00
7.051678861818300170e-01 1.683323243193345364e+00
7.061432806239199556e-01 1.683335695667753429e+00
7.071186788237799892e-01 1.683348131001321635e+00
7.080940808058899805e-01 1.683360549241551096e+00
7.090694865954499937e-01 1.683372950435755300e+00
7.100448962174400469e-01 1.683385334631050112e+00
7.110203096964500258e-01 1.683397701874351782e+00
7.119957270568000318e-01 1.683410052212380270e+00
7.129711483239400405e-01 1.683422385691678347e+00
7.139465735209500341e-01 1.683434702358566959e+00
7.149220026732699962e-01 1.683447002259207403e+00
7.158974358038400210e-01 1.683459285439540265e+00
7.168728729375100084e-01 1.683471551945342481e+00
7.178483140981699595e-01 1.683483801822192705e+00
7.188237593086600485e-01 1.683496035115469081e+00
7.197992085938700324e-01 1.683508251870392547e+00
7.207746619763399920e-01 1.683520452131969325e+00
7.217501194798700004e-01 1.683532635945039324e+00
7.227255811276399600e-01 1.683544803354253050e+00
7.237010469428599713e-01 1.683556954404080264e+00
7.246765169486100167e-01 1.683569089138809094e+00
7.256519911678499524e-01 1.683581207602548258e+00
7.266274696233799846e-01 1.683593309839225727e+00
7.276029523375999730e-01 1.683605395892587842e+00
7.285784393337300102e-01 1.683617465806215518e+00
7.295539306342599950e-01 1.683629519623505599e+00
7.305294262607200384e-01 1.683641557387667964e+00
7.315049262365299620e-01 1.683653579141764389e+00
7.324804305827300466e-01 1.683665584928653924e+00
7.334559393221800061e-01 1.683677574791047071e+00
7.344314524769000041e-01 1.683689548771474032e+00
7.354069700681099553e-01 1.683701506912285373e+00
7.363824921175300409e-01 1.683713449255669570e+00
7.373580186474100184e-01 1.683725375843653227e+00
7.383335496792500230e-01 1.683737286718087978e+00
7.393090852336700047e-01 1.683749181920648708e+00
7.402846253327499682e-01 1.683761061492862643e+00
7.412601699977100500e-01 1.683772925476082705e+00
7.422357192489099642e-01 1.683784773911488397e+00
7.432112731080799950e-01 1.683796606840112897e+00
7.441868315961499558e-01 1.683808424302819295e+00
7.451623947334500286e-01 1.683820226340301485e+00
7.461379625405699656e-01 1.683832012993097704e+00
7.471135350390200047e-01 1.683843784301597646e+00
7.480891122484100153e-01 1.683855540306010479e+00
7.490646941894899546e-01 1.683867281046401931e+00
7.500402808825199497e-01 1.683879006562674530e+00
7.510158723476899612e-01 1.683890716894575146e+00
7.519914686051499819e-01 1.683902412081695443e+00
7.529670696746300074e-01 1.683914092163467213e+00
7.539426755765600285e-01 1.683925757179178362e+00
7.549182863304799707e-01 1.683937407167952927e+00
7.558939019561500272e-01 1.683949042168766397e+00
7.568695224734399707e-01 1.683960662220444604e+00
7.578451479014099990e-01 1.683972267361653952e+00
7.588207782596699813e-01 1.683983857630917846e+00
7.597964135673600516e-01 1.683995433066605818e+00
7.607720538444999736e-01 1.684006993706949729e+00
7.617476991095200045e-01 1.684018539590016017e+00
7.627233493816699683e-01 1.684030070753734787e+00
7.636990046797399456e-01 1.684041587235884485e+00
7.646746650233400278e-01 1.684053089074109444e+00
7.656503304302899604e-01 1.684064576305888350e+00
7.666260009202600090e-01 1.684076048968578432e+00
7.676016765109200390e-01 1.684087507099371495e+00
7.685773572217400318e-01 1.684098950735338107e+00
7.695530430702199887e-01 1.684110379913384747e+00
7.705287340756900027e-01 1.684121794670299543e+00
7.715044302553799582e-01 1.684133195042706088e+00
7.724801316285400121e-01 1.684144581067112068e+00
7.734558382124400167e-01 1.684155952779865517e+00
7.744315500253999840e-01 1.684167310217187463e+00
7.754072670853100480e-01 1.684178653415158378e+00
7.763829894100100493e-01 1.684189982409721287e+00
7.773587170172600036e-01 1.684201297236683326e+00
7.783344499244500003e-01 1.684212597931712629e+00
7.793101881499300276e-01 1.684223884530354098e+00
7.802859317104899883e-01 1.684235157068001643e+00
7.812616806237300260e-01 1.684246415579925271e+00
7.822374349070499999e-01 1.684257660101261322e+00
7.832131945774200021e-01 1.684268890667009577e+00
7.841889596527400474e-01 1.684280107312049246e+00
7.851647301494200093e-01 1.684291310071113212e+00
7.861405060846600179e-01 1.684302498978813789e+00
7.871162874753999672e-01 1.684313674069631395e+00
7.880920743385400051e-01 1.684324835377917884e+00
7.890678666907799954e-01 1.684335982937895437e+00
7.900436645488699838e-01 1.684347116783659892e+00
7.910194679291600028e-01 1.684358236949176524e+00
7.919952768488900396e-01 1.684369343468294922e+00
7.929710913238300352e-01 1.684380436374723011e+00
7.939469113703500058e-01 1.684391515702051478e+00
7.949227370052499575e-01 1.684402581483751771e+00
7.958985682447200505e-01 1.684413633753165662e+00
7.968744051044700516e-01 1.684424672543507029e+00
7.978502476008000333e-01 1.684435697887873840e+00
7.988260957497099746e-01 1.684446709819240162e+00
7.998019495671500056e-01 1.684457708370458828e+00
8.007778090689400274e-01 1.684468693574260101e+00
8.017536742706500297e-01 1.684479665463253006e+00
8.027295451886800048e-01 1.684490624069936437e+00
8.037054218379600101e-01 1.684501569426674505e+00
8.046813042342899625e-01 1.684512501565723408e+00
8.056571923931300505e-01 1.684523420519218107e+00
8.066330863299000509e-01 1.684534326319176767e+00
8.076089860599799941e-01 1.684545218997500760e+00
8.085848915983899765e-01 1.684556098585972217e+00
8.095608029610099621e-01 1.684566965116267800e+00
8.105367201622699636e-01 1.684577818619933387e+00
8.115126432172999893e-01 1.684588659128409160e+00
8.124885721414499828e-01 1.684599486673024504e+00
8.134645069494600422e-01 1.684610301284989120e+00
8.144404476564199857e-01 1.684621102995404351e+00
8.154163942764199868e-01 1.684631891835248751e+00
8.163923468248599491e-01 1.684642667835404728e+00
8.173683053163399714e-01 1.684653431026635007e+00
8.183442697648299902e-01 1.684664181439585295e+00
8.193202401857000439e-01 1.684674919104806712e+00
8.202962165927299987e-01 1.684685644052724696e+00
8.212721990002900263e-01 1.684696356313662768e+00
8.222481874231699628e-01 1.684707055917840091e+00
8.232241818755600127e-01 1.684717742895362802e+00
8.242001823710199959e-01 1.684728417276222689e+00
8.251761889245099457e-01 1.684739079090320724e+00
8.261522015492700488e-01 1.684749728367433308e+00
8.271282202598500000e-01 1.684760365137245142e+00
8.281042450702199575e-01 1.684770989429330124e+00
8.290802759937699884e-01 1.684781601273151574e+00
8.300563130445499649e-01 1.684792200698075337e+00
8.310323562360899530e-01 1.684802787733359564e+00
8.320084055826000302e-01 1.684813362408165149e+00
8.329844610971299801e-01 1.684823924751539304e+00
8.339605227934400178e-01 1.684834474792434422e+00
8.349365906849399721e-01 1.684845012559697430e+00
8.359126647849000058e-01 1.684855538082073334e+00
8.368887451070800010e-01 1.684866051388211439e+00
8.378647524571100069e-01 1.684876551655005272e+00
8.388408457628000470e-01 1.684887040620552945e+00
8.398169453296699949e-01 1.684897517455172800e+00
8.407930511714000188e-01 1.684907982187115794e+00
8.417691633005099927e-01 1.684918434844522528e+00
8.427452817301599453e-01 1.684928875455442565e+00
8.437214064732799779e-01 1.684939304047825770e+00
8.446975375427600019e-01 1.684949720649524751e+00
8.456736749514000007e-01 1.684960125288294641e+00
8.466498187119999574e-01 1.684970517991794869e+00
8.476259688371899914e-01 1.684980898787587167e+00
8.486021253396700548e-01 1.684991267703139339e+00
8.495782882320199736e-01 1.685001624765823047e+00
8.505544575267399710e-01 1.685011970002915138e+00
8.515306332363600239e-01 1.685022303441599201e+00
8.525068153731899523e-01 1.685032625108962234e+00
8.534830039497000032e-01 1.685042935032001088e+00
8.544591989779499741e-01 1.685053233237615578e+00
8.554354004707099834e-01 1.685063519752620476e+00
8.564116084396899975e-01 1.685073794603728192e+00
8.573878228969800119e-01 1.685084057817564318e+00
8.583640438550399487e-01 1.685094309420666736e+00
8.593402713258599945e-01 1.685104549439478516e+00
8.603165053211000446e-01 1.685114777900349026e+00
8.612927458526600244e-01 1.685124994829541256e+00
8.622689929327499447e-01 1.685135200253231602e+00
8.632452465729999469e-01 1.685145394197501645e+00
8.642215067853400434e-01 1.685155576688348811e+00
8.651977735811400283e-01 1.685165747751675269e+00
8.661740469722299940e-01 1.685175907413301477e+00
8.671503269701500427e-01 1.685186055698957741e+00
8.681266135865099987e-01 1.685196192634287993e+00
8.691029068326200369e-01 1.685206318244846235e+00
8.700792067203799718e-01 1.685216432556108090e+00
8.710555132607500362e-01 1.685226535593452368e+00
8.720318264650099849e-01 1.685236627382177055e+00
8.730081463449399504e-01 1.685246707947499978e+00
8.739844729111599930e-01 1.685256777314542598e+00
8.749608061753300081e-01 1.685266835508353100e+00
8.759371461484000143e-01 1.685276882553889299e+00
8.769134928416100205e-01 1.685286918476027518e+00
8.778898462657199753e-01 1.685296943299557260e+00
8.788662064316900002e-01 1.685306957049187204e+00
8.798425733508900004e-01 1.685316959749547649e+00
8.808189470338000371e-01 1.685326951425178743e+00
8.817953274914099859e-01 1.685336932100544027e+00
8.827717147343200343e-01 1.685346901800021779e+00
8.837481087737300012e-01 1.685356860547915892e+00
8.847245096198900205e-01 1.685366808368440328e+00
8.857009172835900168e-01 1.685376745285734224e+00
8.866773317752999484e-01 1.685386671323854113e+00
8.876537531059599528e-01 1.685396586506781924e+00
8.886301812856900462e-01 1.685406490858411876e+00
8.896066163249199965e-01 1.685416384402563583e+00
8.905830582343600144e-01 1.685426267162980718e+00
8.915595070242999798e-01 1.685436139163324576e+00
8.925359627048700117e-01 1.685446000427177626e+00
8.935124252863000383e-01 1.685455850978046399e+00
8.944888947792000167e-01 1.685465690839363484e+00
8.954653711933699967e-01 1.685475520034477537e+00
8.964418545389299942e-01 1.685485338586663939e+00
8.974183448262500473e-01 1.685495146519124798e+00
8.983948420652000388e-01 1.685504943854981619e+00
8.993713462659399527e-01 1.685514730617283297e+00
9.003478574380300303e-01 1.685524506828998126e+00
9.013243755918699529e-01 1.685534272513028231e+00
9.023009007369600099e-01 1.685544027692192914e+00
9.032774328832400279e-01 1.685553772389240645e+00
9.042539720404899617e-01 1.685563506626845953e+00
9.052305182183200127e-01 1.685573230427608316e+00
9.062070714266300397e-01 1.685582943814056156e+00
9.071836316750000462e-01 1.685592646808643291e+00
9.081601989730999636e-01 1.685602339433750929e+00
9.091367733302699872e-01 1.685612021711686115e+00
9.101133547561499615e-01 1.685621693664686171e+00
9.110899432600999548e-01 1.685631355314915147e+00
9.120665388518800487e-01 1.685641006684468701e+00
9.130431415405699802e-01 1.685650647795366552e+00
9.140197513355999837e-01 1.685660278669560475e+00
9.149963682462699532e-01 1.685669899328930521e+00
9.159729922818700132e-01 1.685679509795287467e+00
9.169496234515199795e-01 1.685689110090370590e+00
9.179262617646100075e-01 1.685698700235851888e+00
9.189029072302600243e-01 1.685708280253332747e+00
9.198795598573700216e-01 1.685717850164343501e+00
9.208562196550299506e-01 1.685727409990346981e+00
9.218328866325400384e-01 1.685736959752741182e+00
9.228095607985800086e-01 1.685746499472849269e+00
9.237862421621000353e-01 1.685756029171930237e+00
9.247629307322999814e-01 1.685765548871177799e+00
9.257396265177200156e-01 1.685775058591712394e+00
9.267163295272300427e-01 1.685784558354591178e+00
9.276930397698399666e-01 1.685794048180806248e+00
9.286697572539700518e-01 1.685803528091277315e+00
9.296464819886699482e-01 1.685812998106865024e+00
9.306232139823500393e-01 1.685822458248357858e+00
9.315999532437100328e-01 1.685831908536482349e+00
9.325766997813399461e-01 1.685841348991897970e+00
9.335534536038100351e-01 1.685850779635200469e+00
9.345302147195300169e-01 1.685860200486918759e+00
9.355069831372400113e-01 1.685869611567520465e+00
9.364837588651100386e-01 1.685879012897405049e+00
9.374605419115800142e-01 1.685888404496909576e+00
9.384373322851500276e-01 1.685897786386309161e+00
9.394141299941499712e-01 1.685907158585813859e+00
9.403909350466900241e-01 1.685916521115568667e+00
9.413677474511400467e-01 1.685925873995658630e+00
9.423445672157000352e-01 1.685935217246104623e+00
9.433213943484799469e-01 1.685944550886864901e+00
9.442982288578199990e-01 1.685953874937837549e+00
9.452750707515800155e-01 1.685963189418855146e+00
9.462519200380800077e-01 1.685972494349692985e+00
9.472287767251800217e-01 1.685981789750061077e+00
9.482056408209199594e-01 1.685991075639609926e+00
9.491825123332700009e-01 1.686000352037929195e+00
9.501593912701700173e-01 1.686009618964548151e+00
9.511362776394499674e-01 1.686018876438934555e+00
9.521131714491499753e-01 1.686028124480498436e+00
9.530900727069200329e-01 1.686037363108586762e+00
9.540669814205999799e-01 1.686046592342488326e+00
9.550438975978899903e-01 1.686055812201432635e+00
9.560208212466999589e-01 1.686065022704591465e+00
9.569977523745200054e-01 1.686074223871074418e+00
9.579746909890799467e-01 1.686083415719934697e+00
9.589516370979800364e-01 1.686092598270166443e+00
9.599285907088199732e-01 1.686101771540706062e+00
9.609055518291500508e-01 1.686110935550431345e+00
9.618825204664800399e-01 1.686120090318162568e+00
9.628594966283100520e-01 1.686129235862663167e+00
9.638364803220199617e-01 1.686138372202637514e+00
9.648134715551800467e-01 1.686147499356736246e+00
9.657904703350399522e-01 1.686156617343549602e+00
9.667674766689799970e-01 1.686165726181613200e+00
9.677444905643499684e-01 1.686174825889406259e+00
9.687215120283599878e-01 1.686183916485350709e+00
9.696985410684000328e-01 1.686192997987815190e+00
9.706755776915699796e-01 1.686202070415109500e+00
9.716526219050599655e-01 1.686211133785489702e+00
9.726296737161399530e-01 1.686220188117157903e+00
9.736067331318000173e-01 1.686229233428258034e+00
9.745838001591999866e-01 1.686238269736882289e+00
9.755608748053700152e-01 1.686247297061066241e+00
9.765379570773500273e-01 1.686256315418792617e+00
9.775150469820900190e-01 1.686265324827988632e+00
9.784921445266500095e-01 1.686274325306529542e+00
9.794692497178300039e-01 1.686283316872234872e+00
9.804463625626399503e-01 1.686292299542871964e+00
9.814234830678599808e-01 1.686301273336154205e+00
9.824006112403199653e-01 1.686310238269742356e+00
9.833777470868799719e-01 1.686319194361244778e+00
9.843548906142000066e-01 1.686328141628215871e+00
9.853320418290699712e-01 1.686337080088158746e+00
9.863092007381699666e-01 1.686346009758524334e+00
9.872863673480900548e-01 1.686354930656710049e+00
9.882635416654900196e-01 1.686363842800063129e+00
9.892407236968699946e-01 1.686372746205878403e+00
9.902179134487999468e-01 1.686381640891399192e+00
9.911951109276599947e-01 1.686390526873817075e+00
9.921723161398799951e-01 1.686399404170273231e+00
9.931495290917200514e-01 1.686408272797856434e+00
9.941267497893500060e-01 1.686417132773605054e+00
9.951039782387800514e-01 1.686425984114505283e+00
9.960812144456999695e-01 1.686434826837490908e+00
9.970584584153100449e-01 1.686443660959441537e+00
9.980357101515899831e-01 1.686452486497176384e+00
9.990129696547600524e-01 1.686461303467431172e+00
9.999902368780400064e-01 1.686470111886470002e+00
