2.226426233230459004e-02
2.282892721678405831e-02
2.340791309816003113e-02
2.400158318469595986e-02
2.461030989632143062e-02
2.523447509825789067e-02
2.587447034056973225e-02
2.653069710379045085e-02
2.720356705077874374e-02
2.789350228496205800e-02
2.860093561512958016e-02
2.932631082694105856e-02
3.007008296132141628e-02
3.083271859991638941e-02
3.161469615778714215e-02
3.241650618352905772e-02
3.323865166700152446e-02
3.408164835486249267e-02
3.515089963865847961e-02
3.599107709653438791e-02
3.686588940488231408e-02
3.777676432501143183e-02
3.872518847520107360e-02
3.971270975697636235e-02
4.074093988140344708e-02
4.181155699952633642e-02
4.292630844123925676e-02
4.408701356706419550e-02
4.517392513349329647e-02
4.627540200583172419e-02
4.742228534130988465e-02
4.861644694218401896e-02
4.985983577249398363e-02
5.115448113892343690e-02
5.250249600278496243e-02
5.381637862997444566e-02
5.514185981624798727e-02
5.652198165285044623e-02
5.795899660530100944e-02
5.945524999308172270e-02
6.099446858382363834e-02
6.249590403566109009e-02
6.405923354556965210e-02
6.568700858815301746e-02
6.738188581810587718e-02
6.907541279743370510e-02
7.079882176923733839e-02
7.259327527036156524e-02
7.446170198762948333e-02
7.632086646493951854e-02
7.823856393572471701e-02
8.023531514037120227e-02
8.226303401372862811e-02
8.432672432936545726e-02
8.647548667928825483e-02
8.865583628835201069e-02
9.088860100850137957e-02
9.321340756040501219e-02
9.554341865762082386e-02
9.796948039889252779e-02
1.004400187859589705e-01
1.029806117274047195e-01
1.055852777070953596e-01
1.082535554573210573e-01
1.109908923530062708e-01
1.138001646606984774e-01
1.166722573515254213e-01
1.196362015810400192e-01
1.226478221081037240e-01
1.257534212803326501e-01
1.289387319267880916e-01
1.321917303046922787e-01
1.355365539755343796e-01
1.389714398939153051e-01
1.424849172805487951e-01
1.460850837398820767e-01
1.497796739959454393e-01
1.535694246717163591e-01
1.574556652425999070e-01
1.614402266175712641e-01
1.655253720084068347e-01
1.697137444365676984e-01
1.740083268200071642e-01
1.784124116879836908e-01
1.829295783509601869e-01
1.875636759088281924e-01
1.923070437786034426e-01
1.971741673418370422e-01
2.021701574850460481e-01
2.072840462779077797e-01
2.125352727472727410e-01
2.179135015409874032e-01
2.234337336477349722e-01
2.290909072782213729e-01
2.348912175282477366e-01
2.408401887627709126e-01
2.469404670276373337e-01
2.531953925411472017e-01
2.596089129047393640e-01
2.661855171068369108e-01
2.729301854023860052e-01
2.798455908531254921e-01
2.869353590768943252e-01
2.942076206232658309e-01
3.016629787501998727e-01
3.093080176377397406e-01
3.171481798827471277e-01
3.251877392259184818e-01
3.334317645658165241e-01
3.418860330887272259e-01
3.505560634603888115e-01
3.594452299829157260e-01
3.685622216127604212e-01
3.779119830551508352e-01
3.874996530866778310e-01
3.973313281107906381e-01
4.074139578954187879e-01
4.177552665149156796e-01
4.283597926123455801e-01
4.392361528689967543e-01
4.503908057861779612e-01
4.618312758474875657e-01
4.735651819403324247e-01
4.855998469749777113e-01
4.979434743205530256e-01
5.106048490744009571e-01
5.235913162778468299e-01
5.369132235138335263e-01
5.505784893080842846e-01
5.645964161257277514e-01
5.789775476100078588e-01
5.937310759429130780e-01
6.088679488592124711e-01
6.243980412180298867e-01
6.403331749829277442e-01
6.566844028072342798e-01
6.734638008677463761e-01
6.906833839375974282e-01
7.083560018295302907e-01
7.264949618225076122e-01
7.451141445707315514e-01
7.642274749048203475e-01
7.838503034493100596e-01
8.039976508102023578e-01
8.246861927123798619e-01
8.459322483415669947e-01
8.677537220274256224e-01
8.901689523926754610e-01
9.131971812020684975e-01
9.368583161162171713e-01
9.611735455973041686e-01
9.861647916849579643e-01
1.011855234207033716e+00
1.038268989345648041e+00
1.065431567203374952e+00
1.093369630063102838e+00
1.122111041392691133e+00
1.151685522044703092e+00
1.182123749677587377e+00
1.213458507100008132e+00
1.245723873703348472e+00
1.278955908623521820e+00
1.313192505456699966e+00
1.348473464319335902e+00
1.384840671134430767e+00
1.422338235941292162e+00
1.461012471243549493e+00
1.500912042230002630e+00
1.542088164565194708e+00
1.584594551796512985e+00
1.628487685798784002e+00
1.673826816463797718e+00
1.720674017386651267e+00
1.769094520622444877e+00
1.819156589565759097e+00
1.870931758640966169e+00
1.924494941196036590e+00
1.979924481155782567e+00
2.037302358139988279e+00
2.096714240100453264e+00
2.158249665538549689e+00
2.222002131844052375e+00
2.288069241450780833e+00
2.356552863488141192e+00
2.427559242476730716e+00
2.501199181938360105e+00
2.577588192798963007e+00
2.656846631375474832e+00
2.739099934201254527e+00
2.824478736592615835e+00
2.913119095798392344e+00
3.005162693779128258e+00
3.100757028051270403e+00
3.200055650359194814e+00
3.303218379196373622e+00
3.410411565684283275e+00
3.521808326443582438e+00
3.637588818220427900e+00
3.757940516550094312e+00
3.883058506111047414e+00
4.013145782299231357e+00
4.148413578636783505e+00
4.289081691053441503e+00
4.435378831300868185e+00
4.587542988332542038e+00
4.745821808454689261e+00
4.910472989868244653e+00
5.081764699484169867e+00
5.259976000896778636e+00
5.445397303524160293e+00
5.638330833572083201e+00
5.839091119001152741e+00
6.048005501410199436e+00
6.265414664692157132e+00
6.491673187299113579e+00
6.727150118189868522e+00
6.972229575879754115e+00
7.227311372989942306e+00
7.492811666113222913e+00
7.769163633139521963e+00
8.056818177890848531e+00
8.356244665265826654e+00
8.667931684493671796e+00
8.992387846431485698e+00
9.330142611460949809e+00
9.681747153100717540e+00
1.004777525660091264e+01
1.042882425418329184e+01
1.082551599950378751e+01
1.123774855998683364e+01
1.166697468886214750e+01
1.211389491635067550e+01
1.257923865081015791e+01
1.306376536918571851e+01
1.356826585653511508e+01
1.409356349665102393e+01
1.464051561588699180e+01
1.521001488238042754e+01
1.580299076295579752e+01
1.642041104008662700e+01
1.706328339139099981e+01
1.773265703423957618e+01
1.842962443815932261e+01
1.915532310782813497e+01
1.991093743957065243e+01
2.069770065438432027e+01
2.151689681065168713e+01
2.236986289982261056e+01
2.325799102848793964e+01
2.418273069040499479e+01
2.514559113218322750e+01
2.614814381649173214e+01
2.719202498680734337e+01
2.827893833789094558e+01
2.941065779634849875e+01
3.058903041581696058e+01
3.181597939149805754e+01
3.309350719896185922e+01
3.442369886234159537e+01
3.580872535725413286e+01
3.725084715400018354e+01
3.875241790682626686e+01
4.031588829527079554e+01
4.194381002386208479e+01
4.363883998669774655e+01
4.540374460370086496e+01
4.724140433563146502e+01
4.915481838522130431e+01
5.114710959210368912e+01
5.322152952953022265e+01
5.538146381118891526e+01
5.763043761678808607e+01
5.997212144542127277e+01
6.241033710610639673e+01
6.494906395527294762e+01
6.759244539137935703e+01
7.034479561725981966e+01
7.321060668123624282e+01
7.619455580848921272e+01
7.930151303464984380e+01
8.253654915407571480e+01
8.590494399577832496e+01
8.941219504051188949e+01
9.306402639308849700e+01
9.686639812455736376e+01
1.008255159995036649e+02
1.049478416043341724e+02
1.092401028930873252e+02
1.137093051679726301e+02
1.183627425125673369e+02
1.232080096963229749e+02
1.282530145698171111e+02
1.335059909709761996e+02
1.389755121633359636e+02
1.446705048282700261e+02
1.506002636340239462e+02
1.567744664053320776e+02
1.632031899183758696e+02
1.698969263468615907e+02
1.768666003860590763e+02
1.841235870827472922e+02
1.916797304001724740e+02
1.995473625483090530e+02
2.077393241109827500e+02
2.162689850026919771e+02
2.251502662893452964e+02
2.343976629085161676e+02
2.440262673262981536e+02
2.540517941693831574e+02
2.644906058725391631e+02
2.753597393833753131e+02
2.866769339679508448e+02
2.984606601626351789e+02
3.107301499194466032e+02
3.235054279940840729e+02
3.368073446278822871e+02
3.506576095770070651e+02
3.650788275444674582e+02
3.800945350727285472e+02
3.957292389571744025e+02
4.120084562430866413e+02
4.289587558714429179e+02
4.466078020414749403e+02
4.649843993607814809e+02
4.841185398566796607e+02
5.040414519255028836e+02
5.247856512997681193e+02
5.463849941163555286e+02
5.688747321723467394e+02
5.922915704586783932e+02
6.166737270655298744e+02
6.420609955571962928e+02
6.684948099182596479e+02
6.960183121770647858e+02
7.246764228168278805e+02
7.545159140893571248e+02
7.855854863509641746e+02
8.179358475452223729e+02
8.516197959622484177e+02
8.866923064095848304e+02
9.232106199353513603e+02
9.612343372500404257e+02
1.000825515999503409e+03
1.042048772047807461e+03
1.084971384935337483e+03
1.129663407684192180e+03
1.176197781130138537e+03
1.224650452967696538e+03
1.275100501702637075e+03
1.327630265714227789e+03
1.382325477637824179e+03
1.439275404287166793e+03
1.498572992344703380e+03
1.560315020057784295e+03
1.624602255188224262e+03
1.691539619473082666e+03
1.761236359865057693e+03
1.833806226831937011e+03
1.909367660006190818e+03
1.988043981487556493e+03
2.069963597114294316e+03
2.155260206031387042e+03
2.244073018897919610e+03
2.336546985089626560e+03
2.432833029267450456e+03
2.533088297698297538e+03
2.637476414729857879e+03
2.746167749838215059e+03
2.859339695683973787e+03
2.977176957630816105e+03
3.099871855198930007e+03
3.227624635945308000e+03
3.360643802283283549e+03
3.499146451774544857e+03
3.643358631449140375e+03
3.793515706731740920e+03
3.949862745576205725e+03
4.112654918435329819e+03
4.282157914718880420e+03
4.458648376419207125e+03
4.642414349612272417e+03
4.833755754571259786e+03
5.032984875259494402e+03
5.240426869002141757e+03
5.456420297168021534e+03
5.681317677727911359e+03
5.915486060591247224e+03
6.159307626659747257e+03
6.413180311576420536e+03
6.677518455187061591e+03
6.952753477775117062e+03
7.239334584172746872e+03
7.537729496898041361e+03
7.848425219514104356e+03
8.171928831456688386e+03
8.508768315626955882e+03
8.859493420100341609e+03
9.224676555357957113e+03
9.604913728504878236e+03
1.000082551599950966e+04
