1.000000000000000021e-03
1.041223256048305363e-03
1.084145868935835078e-03
1.128837891684689567e-03
1.175372265130636678e-03
1.223824936968192362e-03
1.274274985703133418e-03
1.326804749714724334e-03
1.381499961638322366e-03
1.438449888287662891e-03
1.497747476345201575e-03
1.559489504058283234e-03
1.623776739188721036e-03
1.690714103473580027e-03
1.760410843865552535e-03
1.832980710832435561e-03
1.908542144006685967e-03
1.987218465488055450e-03
2.069138081114790112e-03
2.154434690031884272e-03
2.243247502898420252e-03
2.335721469090121152e-03
2.432007513267947594e-03
2.532262781698794638e-03
2.636650898730358294e-03
2.745342233838714459e-03
2.858514179684474264e-03
2.976351441631319098e-03
3.099046339199427059e-03
3.226799119945811777e-03
3.359818286283781062e-03
3.498320935775036094e-03
3.642533115449638013e-03
3.792690190732249909e-03
3.949037229576702127e-03
4.111829402435828590e-03
4.281332398719395714e-03
4.457822860419706143e-03
4.641588833612777208e-03
4.832930238571751802e-03
5.032159359259992873e-03
5.239601353002644457e-03
5.455594781168519869e-03
5.680492161728428920e-03
5.914660544591745367e-03
6.158482110660267253e-03
6.412354795576917163e-03
6.676692939187563354e-03
6.951927961775605444e-03
7.238509068173254977e-03
7.536903980898541390e-03
7.847599703514606187e-03
8.171103315457202768e-03
8.507942799627445096e-03
8.858667904100822610e-03
9.223851039358476472e-03
9.604088212505378086e-03
1.000000000000000021e-02
1.041223256048305450e-02
1.084145868935834471e-02
1.128837891684688829e-02
1.175372265130636071e-02
1.223824936968192362e-02
1.274274985703133418e-02
1.326804749714724507e-02
1.381499961638322366e-02
1.438449888287663021e-02
1.497747476345200925e-02
1.559489504058282280e-02
1.623776739188721729e-02
1.690714103473580157e-02
1.760410843865552535e-02
1.832980710832435647e-02
1.908542144006685967e-02
1.987218465488055363e-02
2.069138081114789071e-02
2.154434690031883232e-02
2.243247502898419038e-02
2.335721469090121238e-02
2.432007513267947507e-02
2.532262781698794638e-02
2.636650898730358294e-02
2.745342233838714285e-02
2.858514179684473050e-02
2.976351441631317624e-02
3.099046339199428360e-02
3.226799119945808481e-02
3.359818286283781236e-02
3.498320935775035834e-02
3.642533115449637926e-02
3.792690190732250083e-02
3.949037229576699698e-02
4.111829402435830672e-02
4.281332398719393806e-02
4.457822860419706490e-02
4.641588833612777382e-02
4.832930238571751802e-02
5.032159359259993220e-02
5.239601353002644457e-02
5.455594781168517093e-02
5.680492161728425971e-02
5.914660544591748836e-02
6.158482110660260661e-02
6.412354795576917510e-02
6.676692939187563181e-02
6.951927961775605791e-02
7.238509068173254457e-02
7.536903980898537747e-02
7.847599703514611391e-02
8.171103315457199645e-02
8.507942799627443708e-02
8.858667904100822610e-02
9.223851039358475778e-02
9.604088212505379474e-02
1.000000000000000056e-01
1.041223256048305484e-01
1.084145868935834922e-01
1.128837891684688344e-01
1.175372265130635446e-01
1.223824936968192362e-01
1.274274985703133523e-01
1.326804749714724507e-01
1.381499961638322227e-01
1.438449888287662848e-01
1.497747476345200057e-01
1.559489504058281517e-01
1.623776739188720897e-01
1.690714103473580088e-01
1.760410843865552466e-01
1.832980710832435578e-01
1.908542144006686037e-01
1.987218465488055363e-01
2.069138081114790251e-01
2.154434690031882260e-01
2.243247502898418066e-01
2.335721469090121238e-01
2.432007513267947507e-01
2.532262781698794707e-01
2.636650898730358294e-01
2.745342233838714563e-01
2.858514179684471523e-01
2.976351441631316375e-01
3.099046339199426625e-01
3.226799119945808481e-01
3.359818286283781097e-01
3.498320935775036111e-01
3.642533115449637648e-01
3.792690190732249667e-01
3.949037229576701780e-01
4.111829402435828729e-01
4.281332398719391308e-01
4.457822860419706212e-01
4.641588833612777520e-01
4.832930238571752080e-01
5.032159359259993359e-01
5.239601353002644180e-01
5.455594781168514595e-01
5.680492161728423195e-01
5.914660544591745506e-01
6.158482110660260522e-01
6.412354795576916677e-01
6.676692939187562903e-01
6.951927961775605791e-01
7.238509068173255567e-01
7.536903980898541633e-01
7.847599703514607228e-01
8.171103315457195482e-01
8.507942799627444819e-01
8.858667904100823165e-01
9.223851039358476056e-01
9.604088212505378364e-01
1.000000000000000000e+00
1.041223256048304346e+00
1.084145868935833867e+00
1.128837891684688399e+00
1.175372265130635530e+00
1.223824936968192389e+00
1.274274985703133467e+00
1.326804749714724396e+00
1.381499961638322338e+00
1.438449888287663070e+00
1.497747476345200113e+00
1.559489504058281462e+00
1.623776739188721008e+00
1.690714103473579977e+00
1.760410843865552577e+00
1.832980710832435634e+00
1.908542144006686092e+00
1.987218465488053365e+00
2.069138081114787919e+00
2.154434690031882038e+00
2.243247502898418233e+00
2.335721469090121349e+00
2.432007513267947285e+00
2.532262781698794374e+00
2.636650898730358072e+00
2.745342233838714119e+00
2.858514179684471301e+00
2.976351441631316153e+00
3.099046339199426736e+00
3.226799119945808592e+00
3.359818286283780875e+00
3.498320935775036222e+00
3.642533115449637648e+00
3.792690190732245892e+00
3.949037229576697783e+00
4.111829402435828840e+00
4.281332398719391641e+00
4.457822860419706323e+00
4.641588833612777520e+00
4.832930238571751858e+00
5.032159359259993359e+00
5.239601353002644402e+00
5.455594781168514373e+00
5.680492161728422751e+00
5.914660544591745506e+00
6.158482110660260744e+00
6.412354795576916899e+00
6.676692939187563347e+00
6.951927961775605347e+00
7.238509068173248018e+00
7.536903980898534527e+00
7.847599703514606340e+00
8.171103315457195038e+00
8.507942799627445041e+00
8.858667904100823165e+00
9.223851039358477166e+00
9.604088212505379474e+00
1.000000000000000000e+01
1.041223256048304435e+01
1.084145868935834933e+01
1.128837891684688266e+01
1.175372265130636684e+01
1.223824936968192389e+01
1.274274985703132224e+01
1.326804749714724352e+01
1.381499961638320961e+01
1.438449888287662937e+01
1.497747476345200113e+01
1.559489504058283238e+01
1.623776739188721052e+01
1.690714103473578334e+01
1.760410843865552621e+01
1.832980710832433857e+01
1.908542144006685959e+01
1.987218465488053454e+01
2.069138081114790140e+01
2.154434690031882127e+01
2.243247502898415746e+01
2.335721469090121261e+01
2.432007513267944887e+01
2.532262781698794640e+01
2.636650898730355408e+01
2.745342233838714208e+01
2.858514179684471301e+01
2.976351441631319261e+01
3.099046339199426825e+01
3.226799119945805217e+01
3.359818286283780964e+01
3.498320935775032581e+01
3.642533115449637648e+01
3.792690190732245981e+01
3.949037229576701691e+01
4.111829402435828484e+01
4.281332398719396082e+01
4.457822860419706501e+01
4.641588833612772902e+01
4.832930238571751858e+01
5.032159359259988207e+01
5.239601353002644402e+01
5.455594781168514373e+01
5.680492161728428613e+01
5.914660544591745861e+01
6.158482110660254705e+01
6.412354795576916899e+01
6.676692939187556419e+01
6.951927961775605525e+01
7.238509068173247840e+01
7.536903980898541988e+01
7.847599703514606517e+01
8.171103315457186511e+01
8.507942799627444685e+01
8.858667904100813928e+01
9.223851039358476100e+01
9.604088212505368460e+01
1.000000000000000000e+02
1.041223256048304364e+02
1.084145868935835040e+02
1.128837891684688373e+02
1.175372265130634304e+02
1.223824936968192389e+02
1.274274985703132188e+02
1.326804749714724494e+02
1.381499961638320997e+02
1.438449888287663043e+02
1.497747476345199971e+02
1.559489504058283273e+02
1.623776739188720910e+02
1.690714103473578405e+02
1.760410843865552692e+02
1.832980710832433715e+02
1.908542144006686101e+02
1.987218465488053312e+02
2.069138081114789998e+02
2.154434690031882269e+02
2.243247502898415746e+02
2.335721469090121332e+02
2.432007513267944887e+02
2.532262781698794640e+02
2.636650898730355266e+02
2.745342233838714492e+02
2.858514179684471515e+02
2.976351441631313151e+02
3.099046339199426825e+02
3.226799119945804932e+02
3.359818286283780822e+02
3.498320935775032581e+02
3.642533115449637648e+02
3.792690190732246265e+02
3.949037229576701975e+02
4.111829402435828342e+02
4.281332398719387129e+02
4.457822860419706217e+02
4.641588833612772760e+02
4.832930238571752284e+02
5.032159359259987923e+02
5.239601353002644828e+02
5.455594781168514373e+02
5.680492161728428755e+02
5.914660544591745293e+02
6.158482110660254421e+02
6.412354795576917468e+02
6.676692939187556703e+02
6.951927961775605809e+02
7.238509068173248124e+02
7.536903980898541704e+02
7.847599703514606517e+02
8.171103315457186227e+02
8.507942799627444401e+02
8.858667904100814212e+02
9.223851039358476100e+02
9.604088212505369029e+02
1.000000000000000000e+03
1.041223256048304393e+03
1.084145868935832823e+03
1.128837891684688429e+03
1.175372265130634332e+03
1.223824936968192333e+03
1.274274985703132188e+03
1.326804749714724494e+03
1.381499961638320883e+03
1.438449888287663043e+03
1.497747476345200084e+03
1.559489504058279863e+03
1.623776739188720967e+03
1.690714103473578234e+03
1.760410843865552579e+03
1.832980710832433715e+03
1.908542144006685930e+03
1.987218465488053425e+03
2.069138081114790111e+03
2.154434690031882383e+03
2.243247502898415860e+03
2.335721469090121445e+03
2.432007513267944887e+03
2.532262781698794697e+03
2.636650898730355493e+03
2.745342233838714492e+03
2.858514179684471401e+03
2.976351441631313264e+03
3.099046339199426711e+03
3.226799119945805160e+03
3.359818286283781163e+03
3.498320935775032467e+03
3.642533115449637990e+03
3.792690190732245810e+03
3.949037229576693790e+03
4.111829402435828342e+03
4.281332398719387129e+03
4.457822860419706558e+03
4.641588833612772760e+03
4.832930238571751943e+03
5.032159359259988378e+03
5.239601353002644828e+03
5.455594781168514601e+03
5.680492161728417159e+03
5.914660544591745747e+03
6.158482110660254875e+03
6.412354795576917240e+03
6.676692939187556476e+03
6.951927961775605581e+03
7.238509068173247215e+03
7.536903980898541704e+03
7.847599703514606517e+03
8.171103315457186909e+03
8.507942799627444401e+03
8.858667904100813757e+03
9.223851039358476555e+03
9.604088212505368574e+03
1.000000000000000000e+04
