1.042057218184e-05       4.833537024787e+01 
2.326965112537e-05       1.050300521791e+02 
3.616368417117e-05       1.608004190445e+02 
4.913719192096e-05       2.162184422805e+02 
6.222526306944e-05       2.716135684121e+02 
7.546386573986e-05       3.272350781440e+02 
8.889016872646e-05       3.832976870559e+02 
1.025428768972e-04       4.400002620354e+02 
1.164625850425e-04       4.975354598860e+02 
1.306921544891e-04       5.560955875213e+02 
1.452771168057e-04       6.158767099016e+02 
1.602661088696e-04       6.770818627906e+02 
1.757113433926e-04       7.399238152734e+02 
1.916691186460e-04       8.046276081272e+02 
2.082003704886e-04       8.714330000852e+02 
2.253712687568e-04       9.405968879758e+02 
2.432538584615e-04       1.012395745442e+03 
2.619267438390e-04       1.087128084322e+03 
2.814758098579e-04       1.165116929173e+03 
3.019949709687e-04       1.246712254631e+03 
3.235869303372e-04       1.332293316467e+03 
3.463639241155e-04       1.422270766757e+03 
3.704484141259e-04       1.517088385382e+03 
3.959736783871e-04       1.617224230742e+03 
4.230842322150e-04       1.723190921260e+03 
4.519359936657e-04       1.835534712596e+03 
4.826960871333e-04       1.954832963930e+03 
5.155421603882e-04       2.081689527238e+03 
5.506610771696e-04       2.216727579215e+03 
5.882468452646e-04       2.360579417278e+03 
6.284976559585e-04       2.513872887701e+03 
6.716119526131e-04       2.677214254885e+03 
7.177835203779e-04       2.851167694991e+03 
7.671956978212e-04       3.036232033000e+03 
8.200149487367e-04       3.232815838125e+03 
8.763841816218e-04       3.441212619761e+03 
9.364163369165e-04       3.661578173292e+03 
1.000188842276e-03       3.893912554805e+03 
1.067739530377e-03       4.138048809222e+03 
1.139064503498e-03       4.393650218926e+03 
1.214118221701e-03       4.660216781655e+03 
1.292815822938e-03       4.937100929883e+03 
1.375037409986e-03       5.223510081925e+03 
1.460633819451e-03       5.518572235936e+03 
1.549433264013e-03       5.821370255422e+03 
1.641248224146e-03       6.130931110091e+03 
1.735882044395e-03       6.446272510892e+03 
1.833134828043e-03       6.766426386912e+03 
1.932808383698e-03       7.090457893575e+03 
2.034710125780e-03       7.417479754827e+03 
2.138655948191e-03       7.746661731098e+03 
2.244472169477e-03       8.077237240797e+03 
2.351996690719e-03       8.408505326556e+03 
2.461079521757e-03       8.739830723772e+03 
2.571582825965e-03       9.070642428000e+03 
2.683380617020e-03       9.400428737530e+03 
2.796358219144e-03       9.728736850405e+03 
2.910411579549e-03       1.005516451274e+04 
3.025446500781e-03       1.037935852291e+04 
3.141377842605e-03       1.070100810313e+04 
3.258128728339e-03       1.101984288576e+04 
3.375629778997e-03       1.133562624809e+04 
3.493818389921e-03       1.164815370746e+04 
3.612638058136e-03       1.195724834088e+04 
3.732037764140e-03       1.226275935860e+04 
3.851971408726e-03       1.256455625846e+04 
3.972397303329e-03       1.286253072974e+04 
4.093277711156e-03       1.315658990196e+04 
4.214578435581e-03       1.344665889206e+04 
4.336268451982e-03       1.373267296473e+04 
4.458319579081e-03       1.401458591299e+04 
4.580706185949e-03       1.429235625874e+04 
4.703404931036e-03       1.456594877690e+04 
4.826394529816e-03       1.483530443247e+04 
4.949655547941e-03       1.510050693663e+04 
5.073170217060e-03       1.536146896187e+04 
5.196922270761e-03       1.561821128427e+04 
5.320896798351e-03       1.587077412831e+04 
5.445080114436e-03       1.611917066182e+04 
5.569459642494e-03       1.636335286924e+04 
5.694023810851e-03       1.660261994599e+04 
5.818761959624e-03       1.683846143114e+04 
5.943664257408e-03       1.707016110006e+04 
6.068721626581e-03       1.729769638358e+04 
6.193925676270e-03       1.752122616679e+04 
6.319268642115e-03       1.774084948376e+04 
6.444743332080e-03       1.795662307054e+04 
6.570343077638e-03       1.816789626946e+04 
6.696061689751e-03       1.837529669429e+04 
6.821893419116e-03       1.857871623630e+04 
6.947832920230e-03       1.877832617025e+04 
7.073875218862e-03       1.897407731417e+04 
7.200015682566e-03       1.916595647383e+04 
7.326249993939e-03       1.935404197933e+04 
7.452574126317e-03       1.953822172710e+04 
7.578984321678e-03       1.971886796894e+04 
7.705477070520e-03       1.989631479653e+04 
7.832049093518e-03       2.006958476167e+04 
7.958697324792e-03       2.023922025045e+04 
8.085418896611e-03       2.040527656096e+04 
8.212211125415e-03       2.056784224538e+04 
8.339071499018e-03       2.072688215533e+04 
8.465997664874e-03       2.088244540328e+04 
8.592987419323e-03       2.103458356495e+04 
8.720038697713e-03       2.118333565149e+04 
8.847149565324e-03       2.132872268673e+04 
8.974318209019e-03       2.147075178288e+04 
9.101542929556e-03       2.160952179330e+04 
9.228822134511e-03       2.174505570567e+04 
9.356154331742e-03       2.187736532812e+04 
9.483538123366e-03       2.200650819472e+04 
9.610972200191e-03       2.213251506390e+04 
9.738455336573e-03       2.225544583081e+04 
9.865986385655e-03       2.237521211604e+04 
9.993564274967e-03       2.249205634734e+04 
1.012118800234e-02       2.260575856073e+04 
1.024885663214e-02       2.271655271613e+04 
1.037656929175e-02       2.282448178348e+04 
1.050432516833e-02       2.292942974169e+04 
1.063212350578e-02       2.303145484116e+04 
1.075996360197e-02       2.313077196074e+04 
1.088784480611e-02       2.322710630196e+04 
1.101576651634e-02       2.332080040199e+04 
1.114372817750e-02       2.341171647182e+04 
1.127172927901e-02       2.349993504534e+04 
1.139976935294e-02       2.358545261485e+04 
1.152784797220e-02       2.366832830044e+04 
1.165596474887e-02       2.374859046386e+04 
1.178411933262e-02       2.382626709734e+04 
1.191231140924e-02       2.390137426385e+04 
1.204054069934e-02       2.397403786658e+04 
1.216880695704e-02       2.404401194084e+04 
1.229710996881e-02       2.411163615638e+04 
1.242544955239e-02       2.417679145447e+04 
1.255382555579e-02       2.423957606293e+04 
1.268223785633e-02       2.429995573106e+04 
1.281068635978e-02       2.435802669033e+04 
1.293917099957e-02       2.441371340537e+04 
1.306769173600e-02       2.446713390178e+04 
1.319624855561e-02       2.451823975590e+04 
1.332484147050e-02       2.456714690020e+04 
1.345347051773e-02       2.461385335784e+04 
1.358213575885e-02       2.465839924645e+04 
1.371083727933e-02       2.470066133804e+04 
1.383957518813e-02       2.474081954468e+04 
1.396834961733e-02       2.477886944048e+04 
1.409716072167e-02       2.481488557013e+04 
1.422600867831e-02       2.484884060595e+04 
1.435489368642e-02       2.488073429397e+04 
1.448381596701e-02       2.491058801420e+04 
1.461277576261e-02       2.493852414144e+04 
1.474177333710e-02       2.496447866835e+04 
1.487080897551e-02       2.498852674003e+04 
1.499988298386e-02       2.501058219054e+04 
1.512899568906e-02       2.503083069074e+04 
1.525814743875e-02       2.504917689776e+04 
1.538733860128e-02       2.506574422527e+04 
1.551656956562e-02       2.508042013246e+04 
1.564584074132e-02       2.509338196572e+04 
1.577515255850e-02       2.510452862774e+04 
1.590450546787e-02       2.511400829412e+04 
1.603389994076e-02       2.512170560072e+04 
1.616333646915e-02       2.512772280745e+04 
1.629281556574e-02       2.513208184723e+04 
1.642233776406e-02       2.513473497396e+04 
1.655190361855e-02       2.513574197393e+04 
1.668151370470e-02       2.513528739529e+04 
1.681116861916e-02       2.513313506319e+04 
1.694086897996e-02       2.512956503026e+04 
1.707061542663e-02       2.512427050732e+04 
1.720040862040e-02       2.511751229139e+04 
1.733024924444e-02       2.510924442617e+04 
1.746013800409e-02       2.509955495088e+04 
1.759007562706e-02       2.508839964382e+04 
1.772006286371e-02       2.507484365943e+04 
1.785010048737e-02       2.506180904379e+04 
1.798018929456e-02       2.504556907711e+04 
1.811033010538e-02       2.502965988179e+04 
1.824052376376e-02       2.501068292814e+04 
1.837077113787e-02       2.499123458537e+04 
1.850107312044e-02       2.497072707468e+04 
1.863143062915e-02       2.494919377535e+04 
1.876184460703e-02       2.492575048643e+04 
1.889231602286e-02       2.490058114868e+04 
1.902284587162e-02       2.487532204583e+04 
1.915343517492e-02       2.484765449183e+04 
1.928408498144e-02       2.481923697115e+04 
1.941479636748e-02       2.478962747537e+04 
1.954557043740e-02       2.476027965169e+04 
1.967640832416e-02       2.472850439730e+04 
1.980731118987e-02       2.469557113078e+04 
1.993828022631e-02       2.466112064485e+04 
2.006931665556e-02       2.462615150182e+04 
2.020042173055e-02       2.458987549507e+04 
2.033159673571e-02       2.455370899422e+04 
2.046284298758e-02       2.451556206297e+04 
2.059416183550e-02       2.447641483653e+04 
2.072555466225e-02       2.443522759541e+04 
2.085702288481e-02       2.439434590916e+04 
2.098856795502e-02       2.435298487512e+04 
2.112019136038e-02       2.430925066723e+04 
2.125189462482e-02       2.426511322460e+04 
2.138367930946e-02       2.422030712596e+04 
2.151554701348e-02       2.417454415471e+04 
2.164749937494e-02       2.412799816867e+04 
2.177953807166e-02       2.408065875005e+04 
2.191166482214e-02       2.403233022549e+04 
2.204388138648e-02       2.398316544018e+04 
2.217618956733e-02       2.393311958947e+04 
2.230859121093e-02       2.388247822814e+04 
2.244108820806e-02       2.383095015216e+04 
2.257368249516e-02       2.377857293972e+04 
2.270637605537e-02       2.372563938929e+04 
2.283917091969e-02       2.367231392005e+04 
2.297206916812e-02       2.361743102595e+04 
2.310507293084e-02       2.356294538422e+04 
2.323818438946e-02       2.350638132739e+04 
2.337140577829e-02       2.344987206631e+04 
2.350473938564e-02       2.339255238393e+04 
2.363818755517e-02       2.333495621370e+04 
2.377175268729e-02       2.327634594978e+04 
2.390543724060e-02       2.321726489567e+04 
2.403924373337e-02       2.315763514777e+04 
2.417317474508e-02       2.309729013959e+04 
2.430723291798e-02       2.303719976969e+04 
2.444142095876e-02       2.297520881061e+04 
2.457574164019e-02       2.291312262808e+04 
2.471019780288e-02       2.285136771625e+04 
2.484479235712e-02       2.278780774060e+04 
2.497952828464e-02       2.272432059621e+04 
2.511440864064e-02       2.265998530714e+04 
2.524943655568e-02       2.259554973252e+04 
2.538461523778e-02       2.253074411314e+04 
2.551994797451e-02       2.246530464244e+04 
2.565543813521e-02       2.239944708966e+04 
2.579108917321e-02       2.233315559696e+04 
2.592690462820e-02       2.226651987583e+04 
2.606288812864e-02       2.219928103439e+04 
2.619904339428e-02       2.213225961873e+04 
2.633537423872e-02       2.206384255200e+04 
2.647188457211e-02       2.199548437484e+04 
2.660857840393e-02       2.192687173386e+04 
2.674545984586e-02       2.185781009807e+04 
2.688253311474e-02       2.178891194336e+04 
2.701980253568e-02       2.171880118338e+04 
2.715727254526e-02       2.164914462606e+04 
2.729494769480e-02       2.157882161792e+04 
2.743283265384e-02       2.150795792183e+04 
2.757093221365e-02       2.143699015924e+04 
2.770925129099e-02       2.136580590435e+04 
2.784779493186e-02       2.129461435229e+04 
2.798656831555e-02       2.122270771970e+04 
2.812557675870e-02       2.115069115421e+04 
2.826482571965e-02       2.107849965419e+04 
2.840432080282e-02       2.100601926470e+04 
2.854406776338e-02       2.093343931664e+04 
2.868407251203e-02       2.086052976604e+04 
2.882434112000e-02       2.078746287236e+04 
2.896487982425e-02       2.071445292510e+04 
2.910569503284e-02       2.064074575689e+04 
2.924679333057e-02       2.056708427643e+04 
2.938818148481e-02       2.049364513645e+04 
2.952986645161e-02       2.041932461695e+04 
2.967185538200e-02       2.034558506768e+04 
2.981415562862e-02       2.027087015674e+04 
2.995677475259e-02       2.019647161387e+04 
3.009972053068e-02       2.012187598655e+04 
3.024300096279e-02       2.004726624458e+04 
3.038662427975e-02       1.997278768166e+04 
3.053059895144e-02       1.989749255380e+04 
3.067493369534e-02       1.982251997774e+04 
3.081963748535e-02       1.974741388769e+04 
3.096471956110e-02       1.967220410053e+04 
3.111018943760e-02       1.959686344273e+04 
3.125605691541e-02       1.952186203785e+04 
3.140233209123e-02       1.944638490233e+04 
3.154902536896e-02       1.937080140022e+04 
3.169614747134e-02       1.929507767591e+04 
3.184370945208e-02       1.921940198797e+04 
3.199172270861e-02       1.914387154046e+04 
3.214019899543e-02       1.906807642245e+04 
3.228915043808e-02       1.899232030004e+04 
3.243858954786e-02       1.891649922902e+04 
3.258852923723e-02       1.884085634830e+04 
3.273898283598e-02       1.876488547585e+04 
3.288996410823e-02       1.868897446574e+04 
3.304148727035e-02       1.861313493527e+04 
3.319356700967e-02       1.853733534768e+04 
3.334621850431e-02       1.846141383332e+04 
3.349945744401e-02       1.838549328148e+04 
3.365330005199e-02       1.830936540971e+04 
3.380776310809e-02       1.823345778865e+04 
3.396286397313e-02       1.815778910719e+04 
3.411862061460e-02       1.808191688176e+04 
3.427505163377e-02       1.800592561117e+04 
3.443217629436e-02       1.792993372103e+04 
3.459001455281e-02       1.785435759447e+04 
3.474858709028e-02       1.777824831590e+04 
3.490791534654e-02       1.770244806584e+04 
3.506802155584e-02       1.762679372127e+04 
3.522892878489e-02       1.755112201477e+04 
3.539066097315e-02       1.747534527053e+04 
3.555324297559e-02       1.739966950438e+04 
3.571670060799e-02       1.732399975066e+04 
3.588106069523e-02       1.724828721965e+04 
3.604635112246e-02       1.717271649988e+04 
3.621260088961e-02       1.709727863974e+04 
3.637984016949e-02       1.702179613065e+04 
3.654810036954e-02       1.694620194498e+04 
3.671741419785e-02       1.687106978366e+04 
3.688781573351e-02       1.679549561823e+04 
3.705934050176e-02       1.672009601771e+04 
3.723202555435e-02       1.664478757603e+04 
3.740590955557e-02       1.656944659134e+04 
3.758103287423e-02       1.649416788245e+04 
3.775743768243e-02       1.641906156119e+04 
3.793516806140e-02       1.634396640313e+04 
3.811427011520e-02       1.626864130729e+04 
3.829479209298e-02       1.619355700601e+04 
3.847678452050e-02       1.611847933114e+04 
3.866030034179e-02       1.604340999370e+04 
3.884539507198e-02       1.596819024947e+04 
3.903212696215e-02       1.589332533819e+04 
3.922055717766e-02       1.581823968180e+04 
3.941074999097e-02       1.574325619771e+04 
3.960277299059e-02       1.566817851255e+04 
3.979669730768e-02       1.559321570508e+04 
3.999259786216e-02       1.551843797932e+04 
4.019055363036e-02       1.544331340156e+04 
4.039064793641e-02       1.536849679649e+04 
4.059296877002e-02       1.529339071466e+04 
4.079760913347e-02       1.521800489028e+04 
4.100466742108e-02       1.514314114386e+04 
4.121424783486e-02       1.506815142807e+04 
4.142646084040e-02       1.499281996139e+04 
4.164142366785e-02       1.491752510844e+04 
4.185926086333e-02       1.484238440587e+04 
4.208010489680e-02       1.476704303876e+04 
4.230409683358e-02       1.469148685880e+04 
4.253138707733e-02       1.461601831578e+04 
4.276213619393e-02       1.454050947068e+04 
4.299651582665e-02       1.446461809296e+04 
4.323470971506e-02       1.438895353040e+04 
4.347691483171e-02       1.431271992944e+04 
4.372334265309e-02       1.423659433841e+04 
4.397422058403e-02       1.416027292852e+04 
4.422979355789e-02       1.408373246332e+04 
4.449032583872e-02       1.400695945636e+04 
4.475610305612e-02       1.393016708592e+04 
4.502743450913e-02       1.385277475498e+04 
4.530465578196e-02       1.377524791294e+04 
4.558813172246e-02       1.369752522116e+04 
4.587825984394e-02       1.361965994974e+04 
4.617547422279e-02       1.354103698898e+04 
4.648024997890e-02       1.346221131279e+04 
4.679310844360e-02       1.338300676069e+04 
4.711462314191e-02       1.330320016229e+04 
4.744542674304e-02       1.322267455306e+04 
4.778621916708e-02       1.314225189425e+04 
4.813777707794e-02       1.306084529960e+04 
4.850096504595e-02       1.297858166416e+04 
4.887674872990e-02       1.289551438196e+04 
4.926621051342e-02       1.281182850880e+04 
4.967056813698e-02       1.272745714217e+04 
5.009119700362e-02       1.264190511717e+04 
5.052965700955e-02       1.255533369194e+04 
5.098772497225e-02       1.246747911607e+04 
5.146743401024e-02       1.237857331055e+04 
5.197112158605e-02       1.228830048116e+04 
5.250148837340e-02       1.219603119369e+04 
5.306167066674e-02       1.210205371077e+04 
5.365532972383e-02       1.200583678193e+04 
5.428676220520e-02       1.190687655251e+04 
5.496103668171e-02       1.180509933378e+04 
5.568416184343e-02       1.169978946366e+04 
5.646329214993e-02       1.159046924822e+04 
5.730697535066e-02       1.147628650283e+04 
5.822544185689e-02       1.135621293417e+04 
5.923092512053e-02       1.122882562828e+04 
6.033797924496e-02       1.109124029239e+04 
6.156371594798e-02       1.094282957301e+04 
6.292780626572e-02       1.077872440287e+04 
6.445197708332e-02       1.059450484662e+04 
6.615860369936e-02       1.038503146246e+04 
6.806796607839e-02       1.014356065935e+04 
7.019404111556e-02       9.861758543969e+03 
7.253961325223e-02       9.534309425905e+03 
7.509278886457e-02       9.157676635991e+03 
7.782744547442e-02       8.734916590166e+03 
8.070834075224e-02       8.275451289962e+03 
8.369850863609e-02       7.795269246825e+03 
8.676533511025e-02       7.312752534420e+03 
8.988341101232e-02       6.846656840174e+03 
9.303459744739e-02       6.412865178878e+03 
9.620668981987e-02       6.022884600391e+03 
9.939178835814e-02       5.683453989896e+03 
1.025849043660e-01       5.396381520830e+03 
1.057829357066e-01       5.159324164341e+03 
1.089839715969e-01       4.966684575635e+03 
1.121868418297e-01       4.810155873684e+03 
1.153908321773e-01       4.680699819484e+03 
1.185955075436e-01       4.568232539638e+03 
1.218006031125e-01       4.463103238913e+03 
1.250059577326e-01       4.357185463285e+03 
1.282114732892e-01       4.243794350763e+03 
1.314170899777e-01       4.118514637756e+03 
1.346227712718e-01       3.980368562022e+03 
1.378284947933e-01       3.830059261257e+03 
1.410342467669e-01       3.670242821981e+03 
1.442400186536e-01       3.505346957155e+03 
1.474458051061e-01       3.340238336702e+03 
1.506516027271e-01       3.180162933499e+03 
1.538574093142e-01       3.029446841364e+03 
1.570632234014e-01       2.891540131926e+03 
1.602690439792e-01       2.768785596697e+03 
1.634748703242e-01       2.661963041444e+03 
1.666807018948e-01       2.571005966711e+03 
1.698865382673e-01       2.494402711699e+03 
1.730923790964e-01       2.430218448540e+03 
1.762982240904e-01       2.375514724507e+03 
1.795040729960e-01       2.327492361783e+03 
1.827099255884e-01       2.283148301031e+03 
1.859157816648e-01       2.240054958636e+03 
1.891216410403e-01       2.195529567012e+03 
1.923275035445e-01       2.147532693222e+03 
1.955333690201e-01       2.095195040792e+03 
1.987392373207e-01       2.038334738363e+03 
2.019451083098e-01       1.977487717808e+03 
2.051509818598e-01       1.913908979333e+03 
2.083568578514e-01       1.849136908163e+03 
2.115627361726e-01       1.784758529608e+03 
2.147686167180e-01       1.722350486093e+03 
2.179744993888e-01       1.663164463694e+03 
2.211803840919e-01       1.608062621326e+03 
2.243862707395e-01       1.557878938551e+03 
2.275921592488e-01       1.512681156770e+03 
2.307980495417e-01       1.472641210547e+03 
2.340039415445e-01       1.437283713283e+03 
2.372098351872e-01       1.406075357705e+03 
2.404157304040e-01       1.378160960548e+03 
2.436216271321e-01       1.352617022012e+03 
2.468275253125e-01       1.328369747494e+03 
2.500334248887e-01       1.304697216932e+03 
2.532393258076e-01       1.280659092844e+03 
2.564452280184e-01       1.255833455862e+03 
2.596511314729e-01       1.229999120522e+03 
2.628570361255e-01       1.202990155337e+03 
2.660629419325e-01       1.174928167104e+03 
2.692688488524e-01       1.146068781725e+03 
2.724747568458e-01       1.116794150756e+03 
2.756806658750e-01       1.087608449406e+03 
2.788865759040e-01       1.059003228662e+03 
2.820924868986e-01       1.031420854646e+03 
2.852983988260e-01       1.005267059380e+03 
2.885043116550e-01       9.808144208156e+02 
2.917102253556e-01       9.581609718935e+02 
2.949161398994e-01       9.373466649971e+02 
2.981220552589e-01       9.181951525545e+02 
3.013279714080e-01       9.005436868027e+02 
3.045338883216e-01       8.840937857655e+02 
3.077398059757e-01       8.686069066454e+02 
3.109457243473e-01       8.537648456629e+02 
3.141516434143e-01       8.392784802131e+02 
3.173575631555e-01       8.250057753695e+02 
3.205634835506e-01       8.106436899564e+02 
3.237694045801e-01       7.960615912099e+02 
3.269753262252e-01       7.812958031598e+02 
3.301812484678e-01       7.662696918084e+02 
3.333871712908e-01       7.510989158601e+02 
3.365930946774e-01       7.359104798047e+02 
3.397990186116e-01       7.208422794875e+02 
3.430049430779e-01       7.060065327693e+02 
3.462108680615e-01       6.915866011233e+02 
3.494167935482e-01       6.776650753283e+02 
3.526227195241e-01       6.643219710087e+02 
3.558286459759e-01       6.515909271136e+02 
3.590345728909e-01       6.395449667009e+02 
3.622405002567e-01       6.281318358725e+02 
3.654464280613e-01       6.173285002873e+02 
3.686523562933e-01       6.070664252244e+02 
3.718582849416e-01       5.972275720445e+02 
3.750642139954e-01       5.877282168681e+02 
3.782701434445e-01       5.784208229805e+02 
3.814760732787e-01       5.692921491283e+02 
3.846820034884e-01       5.602848376187e+02 
3.878879340644e-01       5.513104956584e+02 
3.910938649974e-01       5.424019660862e+02 
3.942997962788e-01       5.334953227628e+02 
3.975057279002e-01       5.246345672819e+02 
4.007116598533e-01       5.158432895578e+02 
4.039175921302e-01       5.071248596652e+02 
4.071235247232e-01       4.985454293515e+02 
4.103294576249e-01       4.901374121257e+02 
4.135353908280e-01       4.819599873199e+02 
4.167413243257e-01       4.740029214446e+02 
4.199472581111e-01       4.662887330869e+02 
4.231531921776e-01       4.588394012775e+02 
4.263591265189e-01       4.516385511566e+02 
4.295650611289e-01       4.446762211526e+02 
4.327709960014e-01       4.379411864316e+02 
4.359769311308e-01       4.314243761565e+02 
4.391828665113e-01       4.250957931920e+02 
4.423888021375e-01       4.189164171948e+02 
4.455947380041e-01       4.128931866316e+02 
4.488006741059e-01       4.069985439508e+02 
4.520066104378e-01       4.011598586505e+02 
4.552125469951e-01       3.954003207788e+02 
4.584184837729e-01       3.897083220694e+02 
4.616244207666e-01       3.840800453691e+02 
4.648303579718e-01       3.785179144175e+02 
4.680362953840e-01       3.730288336479e+02 
4.712422329992e-01       3.676175657926e+02 
4.744481708130e-01       3.622900069233e+02 
4.776541088216e-01       3.570677594742e+02 
4.808600470209e-01       3.519337594908e+02 
4.840659854073e-01       3.469114119674e+02 
4.872719239770e-01       3.420152410266e+02 
4.904778627263e-01       3.372479610945e+02 
4.936838016518e-01       3.326108821797e+02 
4.968897407501e-01       3.280952653019e+02 
5.000956800178e-01       3.236921312499e+02 
5.033016194517e-01       3.193899623797e+02 
5.065075590486e-01       3.151755632327e+02 
5.097134988055e-01       3.110490661874e+02 
5.129194387192e-01       3.069962370132e+02 
5.161253787870e-01       3.030112681454e+02 
5.193313190058e-01       2.990921241814e+02 
5.225372593730e-01       2.952288256362e+02 
5.257431998858e-01       2.914173323175e+02 
5.289491405416e-01       2.876542966893e+02 
5.321550813377e-01       2.839408104876e+02 
5.353610222717e-01       2.802811735854e+02 
5.385669633410e-01       2.766807359250e+02 
5.417729045433e-01       2.731442318158e+02 
5.449788458762e-01       2.696728714817e+02 
5.481847873374e-01       2.662679434881e+02 
5.513907289247e-01       2.629277032089e+02 
5.545966706358e-01       2.596495262543e+02 
5.578026124687e-01       2.564337983935e+02 
5.610085544212e-01       2.532801156245e+02 
5.642144964913e-01       2.501888614327e+02 
5.912890586978e-01       2.261795471709e+02 
6.218764267396e-01       2.026006728652e+02 
6.572237817096e-01       1.795164474531e+02 
6.993581362065e-01       1.564931312433e+02 
7.518222169434e-01       1.332445704061e+02 
8.213610622757e-01       1.092532079842e+02 
9.218987686360e-01       8.407698989294e+01 
1.081607109102e+00       5.823387762020e+01 
1.334354070920e+00       3.564628344043e+01 
1.677592721951e+00       2.067797322654e+01 
2.111925029583e+00       1.185032240695e+01 
2.658755957117e+00       6.735585400042e+00 
3.347175438113e+00       3.800331080554e+00 
4.213844216774e+00       2.129656665158e+00 
5.304915565839e+00       1.186172187851e+00 
6.678493013257e+00       6.569279060409e-01 
8.407724566878e+00       3.619808398828e-01 
1.058469811261e+01       1.985053612114e-01 
1.332534543013e+01       1.083837704562e-01 
1.677561598293e+01       5.893637995940e-02 
2.111924925941e+01       3.192595743022e-02 
2.658755957069e+01       1.723186135694e-02 
3.347175438113e+01       9.267703056023e-03 
4.213844216774e+01       4.966938004847e-03 
5.304915565839e+01       2.652357879864e-03 
6.678493013257e+01       1.410737020316e-03 
8.407724566878e+01       7.469097383044e-04 
1.058469811261e+02       3.931997592553e-04 
1.332534543013e+02       2.054632781276e-04 
1.677561598293e+02       1.062804723195e-04 
2.111924925941e+02       5.421258038443e-05 
2.658755957069e+02       2.712661724159e-05 
3.347175438113e+02       1.323464442974e-05 
4.213844216774e+02       6.263273724645e-06 
5.304915565839e+02       2.874550029007e-06 
6.678493013257e+02       1.292277618002e-06 
8.407724566878e+02       5.822836327396e-07 
1.058469811261e+03       2.707814628818e-07 
1.332534543013e+03       1.317412248010e-07 
1.677561598293e+03       6.537436786621e-08 
2.111924925941e+03       3.168583374593e-08 
2.658755957069e+03       1.569503805271e-08 
3.347175438113e+03       8.080793924850e-09 
4.213844216774e+03       4.053844839743e-09 
5.304915565839e+03       2.076994245690e-09 
6.678493013257e+03       1.071461145204e-09 
8.407724566878e+03       5.493531489524e-10 
1.058469811261e+04       2.855873707249e-10 